x,y
-4.261970417191294,-4.499787052051915
-4.26197717443668,-4.499805714889432
-4.262196594414174,-4.498772921032352
-4.262416076250494,-4.497739899055153
-4.262635557605,-4.496706894049677
-4.262635599302938,-4.496706604963087
-4.262851401974443,-4.495694533048853
-4.262855954976238,-4.495673975571942
-4.2628558251762865,-4.495673974927224
-4.262855696154897,-4.4956739786773205
-4.262856135641902,-4.495674099510766
-4.262855893475036,-4.495674066718983
-4.2628556733820595,-4.495674035027408
-4.262855434050154,-4.495673996191837
-4.263066875856526,-4.49466092909491
-4.263279799759794,-4.49362652261961
-4.263283010853853,-4.49360568406908
-4.26349010536067,-4.492591731405505
-4.263702959252762,-4.491557396514786
-4.263706245542093,-4.491536556945043
-4.2637065053470575,-4.4915366200112326
-4.263706735032287,-4.491536686666394
-4.263706982139036,-4.4915367541015305
-4.263918451183038,-4.49052371670656
-4.2639187063104655,-4.49052343139929
-4.264132834614684,-4.489510940209343
-4.264133257476767,-4.489510703089311
-4.264353482817137,-4.488478119348015
-4.264358120523783,-4.488457565877328
-4.264576234687045,-4.487445942121839
-4.264795787424122,-4.48641301717993
-4.265012927773342,-4.485379567742704
-4.265227695232184,-4.484345620954154
-4.265231384067626,-4.484324882724211
-4.265443103194537,-4.483311918349154
-4.265446457033814,-4.483291108398838
-4.265446049286605,-4.48329102754024
-4.26565951981009,-4.482257009673186
-4.265873040412824,-4.481222741601327
-4.265876427467056,-4.48120194381901
-4.266084057937958,-4.480188112319365
-4.266087666520835,-4.480167368143718
-4.266087865223125,-4.480167344204555
-4.2660880067933435,-4.480167329252151
-4.266294980922943,-4.479153405826323
-4.266503153210708,-4.478118131299828
-4.266506944355803,-4.478097410673823
-4.266506966756012,-4.47809743932165
-4.266717802558732,-4.4770628899692655
-4.266721840739366,-4.47704221394
-4.266931724559968,-4.476028861499189
-4.266935348710028,-4.4760081093749315
-4.267144761965416,-4.474994647031545
-4.267148844346585,-4.474973969019281
-4.267358745109739,-4.4739606011124575
-4.267362387453396,-4.473939837615231
-4.267572633367919,-4.4729265028048335
-4.2677893219086664,-4.47189294618119
-4.268008378310561,-4.470859881074202
-4.268012626249023,-4.47083924905689
-4.268013468113419,-4.470839423213807
-4.268230475293352,-4.469827523697474
-4.268234703772511,-4.469806891580105
-4.268235504697596,-4.469807052581286
-4.268458222014165,-4.468774978947768
-4.268462198843165,-4.468754289112315
-4.268462457691458,-4.468754274492169
-4.268678179691392,-4.467742154964348
-4.268895974379219,-4.466708858958676
-4.268899705873379,-4.466688115730222
-4.269112753850789,-4.465675411703954
-4.269112683623457,-4.4656750672728185
-4.269112568243114,-4.465674992966357
-4.269327246094694,-4.464641253168524
-4.269541629659015,-4.463607261321814
-4.269544865523242,-4.463586412551632
-4.269544664449131,-4.463586322403103
-4.269544139804366,-4.46358625980538
-4.269748571324343,-4.462571796855061
-4.269959414634167,-4.4615370624486586
-4.269963953439323,-4.461516468552964
-4.2701749278775845,-4.460503331401914
-4.2703871735567,-4.459468871709115
-4.2703870054717035,-4.459468504817885
-4.2703864694596865,-4.4594684257074295
-4.270385994563508,-4.45946835906509
-4.270386216096426,-4.459468433666105
-4.270386419580912,-4.45946849988053
-4.270593253895973,-4.458454518989085
-4.2708066090957795,-4.457420279094247
-4.271021657496882,-4.456386390532634
-4.271234609809561,-4.45535199188979
-4.271238912718403,-4.455331358308067
-4.271238949232477,-4.455331309344465
-4.271238992968224,-4.455331281061113
-4.271239344346545,-4.455331406145103
-4.271239670228649,-4.45533151708834
-4.271239994357033,-4.455331620345572
-4.271240317129301,-4.4553317176032365
-4.271240638806785,-4.4553318101920345
-4.271240959593779,-4.455331899177692
-4.271465866785477,-4.45432172371777
-4.271470580027438,-4.454301192455103
-4.271470779055051,-4.454301157212162
-4.271704351541921,-4.453271502298655
-4.271704548769285,-4.453271230799982
-4.2717043094239715,-4.453271221371542
-4.271935615890051,-4.452241071792786
-4.27216694458418,-4.451210660807226
-4.272398593184889,-4.450180408239376
-4.272398901489972,-4.4501801783370585
-4.272399115185558,-4.4501802087049445
-4.272399285405061,-4.450180236480722
-4.272632824064619,-4.449150622206877
-4.272866025833855,-4.4481207390466215
-4.272869789467668,-4.448100019527211
-4.272869706613201,-4.448099966130909
-4.272869936736457,-4.448100079623742
-4.272870165435373,-4.448100181798947
-4.27287010025356,-4.448100126514777
-4.273099446758636,-4.447090991204229
-4.273335639062877,-4.4460617515306415
-4.273336077294521,-4.446061531856789
-4.273570338099672,-4.445053500014268
-4.273811124908691,-4.444025251616261
-4.27381629247799,-4.4440048344654075
-4.274059285211248,-4.442977372683447
-4.27430262440009,-4.441949810631769
-4.274548308225083,-4.440922794783945
-4.274795631227612,-4.439896185914216
-4.275040477203103,-4.43886897421099
-4.275283215276205,-4.437841179924093
-4.275525938856026,-4.436813396539197
-4.275768307991449,-4.435785618936506
-4.275768147041328,-4.435785285664296
-4.276004407959908,-4.434777790373221
-4.276247470632216,-4.433750094618596
-4.276252392111748,-4.4337296403279876
-4.27625208984732,-4.433729611534451
-4.276495332311276,-4.432702219336748
-4.276738243501353,-4.431674558706451
-4.27697911229459,-4.430646331406527
-4.276979024209521,-4.4306460154671505
-4.277215829385538,-4.429638640482199
-4.277216019466268,-4.42963839231182
-4.277455457227689,-4.428631622499431
-4.2777020121692475,-4.427604829418659
-4.277702552487996,-4.427604649152014
-4.277946043969108,-4.426598866454662
-4.278191813329837,-4.4255718046097465
-4.278191935557736,-4.425571534713152
-4.278191982971487,-4.425571529105007
-4.278191674779246,-4.425571525636759
-4.278435138452892,-4.424544198116607
-4.278678638619488,-4.423516608441442
-4.278682742995168,-4.4234959829686575
-4.278918956580797,-4.422488456412259
-4.2789188095357895,-4.422488120645173
-4.278918283885256,-4.42248804610128
-4.2789181587560705,-4.422487983802039
-4.279150428921763,-4.421479543226133
-4.279389394355385,-4.420450873280848
-4.279394289087613,-4.420430402602295
-4.279631532395306,-4.419423095921661
-4.279636707100478,-4.41940267221283
-4.279883044126783,-4.418375992851595
-4.280129042001625,-4.417349057711084
-4.280372967308823,-4.4163215418336375
-4.280617208833977,-4.415294196375458
-4.2806222919956,-4.415273759845875
-4.280865994750627,-4.414267987985073
-4.2808700874081325,-4.414247317629686
-4.28110961486935,-4.413240522959597
-4.2811098303599415,-4.4132402466154605
-4.281109970316808,-4.413240232691466
-4.28135202395172,-4.412234078009472
-4.281357304692709,-4.412213683722611
-4.281608519779445,-4.411188186713603
-4.281613759693099,-4.411167785341875
-4.281614225734377,-4.411167922497673
-4.2816143550553685,-4.411167902432969
-4.2816144728285215,-4.411167890081761
-4.281614880890817,-4.411168038749162
-4.281615251674438,-4.41116817047646
-4.2816156111136126,-4.411168292979642
-4.28187344398913,-4.410166024140394
-4.281873781591158,-4.410165780222188
-4.281874329308982,-4.410165948845169
-4.282141277381967,-4.409144443349602
-4.282146695619166,-4.409124118059162
-4.282411460697257,-4.408123654573732
-4.282411854361536,-4.4081234344193945
-4.282683755895793,-4.407103244299257
-4.2829553020874656,-4.40608277716744
-4.282960681113124,-4.406062430758171
-4.282960936532222,-4.406062529032685
-4.283229464777094,-4.405063081868743
-4.283500928850108,-4.404042489510476
-4.283506150312317,-4.404022105695927
-4.2837800231257335,-4.403002431642923
-4.28377996639119,-4.403002106092198
-4.284048438516139,-4.402002669569742
-4.284315389155912,-4.401003016975874
-4.284315682184835,-4.40100280864644
-4.284585231740531,-4.400003669457133
-4.284585681628606,-4.4000034960128875
-4.2848577212066115,-4.399005021141635
-4.28513715743447,-4.397986608591995
-4.285137627391924,-4.397986439753223
-4.285138255783442,-4.397986672410644
-4.285413930498042,-4.39698921023075
-4.285692278486577,-4.395970571704114
-4.2859689298458585,-4.394951464614638
-4.2862476608802496,-4.393932840180228
-4.2865264033784545,-4.3929142335734275
-4.286531268808706,-4.392893775619073
-4.286802850932202,-4.391895146532348
-4.286803155514197,-4.391894921865238
-4.287082009997891,-4.390876624752578
-4.28736121741202,-4.389858234153515
-4.287361620693797,-4.389858041336228
-4.287642729267286,-4.388840374860688
-4.2876478429077345,-4.38881999889864
-4.287920897441324,-4.387821814916489
-4.2879263545293,-4.3878015077830765
-4.287926566108597,-4.3878015941656345
-4.288201473729634,-4.386803865187002
-4.288206783628691,-4.38678350184679
-4.28820619978232,-4.38678334141151
-4.288206359080766,-4.386783405839958
-4.288481183433516,-4.385785650670352
-4.288759107804316,-4.3847667833469615
-4.288764399311805,-4.384746412027543
-4.288763817705056,-4.384746258849933
-4.288763978507422,-4.38474632920009
-4.289039584833262,-4.383748812056461
-4.289044621519737,-4.383728363948564
-4.289320590561666,-4.382730884558808
-4.289325809190608,-4.382710490149373
-4.289325761265548,-4.38271047607754
-4.289598844326778,-4.381712269682764
-4.289603600670619,-4.38169171913885
-4.2896035770942005,-4.381691626276484
-4.289871642298508,-4.380692059352659
-4.290142953820108,-4.379671500290587
-4.290143013222301,-4.379671174370478
-4.290411692124516,-4.378671760310768
-4.290416676958186,-4.378651317203195
-4.290417214466445,-4.378651469911431
-4.290687362403092,-4.377652464136614
-4.290960779498989,-4.376632463200169
-4.29123624918022,-4.375612928680948
-4.291511345512696,-4.374593390171823
-4.291511303816177,-4.374593055537341
-4.291778844475343,-4.3735933635737965
-4.292049616721423,-4.3725726901438895
-4.292049632141111,-4.372572372320977
-4.292322462681198,-4.371552440583641
-4.292322507405225,-4.371552155164809
-4.292590716122355,-4.370552643796946
-4.292595693551158,-4.370532219532934
-4.292868761168151,-4.36951233795333
-4.292874373638906,-4.369492065220117
-4.293144254490283,-4.3684928813880175
-4.2934167088036785,-4.367472635998097
-4.293687148330364,-4.366451771445595
-4.293957954540672,-4.365431105139347
-4.294231193758156,-4.364411079065264
-4.294506518030351,-4.36339153244473
-4.29478181396698,-4.362371992074494
-4.2950570719688805,-4.361352452686771
-4.295057255873627,-4.3613522208911055
-4.295327702719683,-4.360353328800303
-4.295605161498997,-4.359334477750963
-4.295880215692607,-4.358314949825214
-4.296153217286966,-4.357294788585087
-4.296153135348967,-4.357294473141647
-4.296426112580779,-4.356274603996005
-4.296426082874573,-4.3562743171349245
-4.296426003927635,-4.356274293718318
-4.296699038341778,-4.355254452124339
-4.296703691544593,-4.35523396274926
-4.296703674392989,-4.35523393592506
-4.29697432021052,-4.354213446165277
-4.296974362857866,-4.354213176053379
-4.296974649882318,-4.354213328317328
-4.297242016711843,-4.3532136113415465
-4.297512296424218,-4.352192730521872
-4.297517511422665,-4.3521723664825895
-4.297516990466471,-4.352172260348564
-4.297516888205028,-4.3521721944360285
-4.297516444197843,-4.35217212200122
-4.297784881190617,-4.351151018438757
-4.298053713726208,-4.350129830131734
-4.298324614983326,-4.349109101366336
-4.298324821831315,-4.3491088566110525
-4.298324931887056,-4.349108869957011
-4.298325326577835,-4.349109046407585
-4.298592778627192,-4.34810934804813
-4.298597301846854,-4.34808878132883
-4.298865199391937,-4.34706752278194
-4.299133498695463,-4.346046192980315
-4.299403880289557,-4.345025324539265
-4.299404052573835,-4.345025069002957
-4.299674334673193,-4.34400447565412
-4.299944304145481,-4.342983608525016
-4.300212571442788,-4.341962284286258
-4.300482545438322,-4.340941398032149
-4.300482486797181,-4.340941077221777
-4.300482370210342,-4.340941026204454
-4.300481932911104,-4.340940976232119
-4.300743180957079,-4.339939632067067
-4.301011668009308,-4.3389182706493346
-4.301016424866852,-4.338897783810894
-4.301277885056882,-4.337896458894082
-4.301278273515758,-4.337896246493713
-4.3015422006446205,-4.336895587377405
-4.301548060168862,-4.336875356807586
-4.301548720244549,-4.336875549680703
-4.3018195415465925,-4.335876723821843
-4.302098098896389,-4.334858110560628
-4.3021042658753785,-4.334837942363886
-4.302104741957565,-4.334838002980594
-4.302105443269588,-4.334838226574794
-4.302384518800224,-4.333841605222454
-4.302390200729194,-4.333821330435068
-4.302390504983025,-4.3338214237353405
-4.302672243767431,-4.332825604107355
-4.302672556310784,-4.3328253504630325
-4.3026727654328205,-4.332825352797691
-4.302956204920722,-4.331830046171234
-4.303242483907108,-4.330813589462242
-4.303527083875948,-4.329796662105261
-4.3038137717954745,-4.328780238738075
-4.30410048061073,-4.327763837925908
-4.304106196760381,-4.327743610771404
-4.3041058263864995,-4.327743543380384
-4.304386997454672,-4.326747601052652
-4.304386851157122,-4.326747239843518
-4.304386317751043,-4.32674712651796
-4.3043864960295934,-4.32674721896774
-4.304386664366971,-4.326747301598319
-4.304386559076842,-4.326747215698401
-4.304386489100537,-4.326747150882898
-4.304386433171379,-4.326747099033864
-4.30438603660313,-4.326747035283815
-4.304385674655139,-4.326746972456554
-4.304385670189265,-4.326746924311146
-4.304663071440149,-4.3257499235697
-4.304948392459952,-4.324733202041447
-4.30523536508269,-4.32371694187692
-4.305520278221718,-4.322700021768535
-4.305520434950682,-4.322699754468449
-4.305520157380129,-4.322699732652016
-4.305520541895799,-4.32269988994286
-4.305520875048699,-4.322700025122776
-4.305520901085319,-4.322699984173026
-4.305521245333238,-4.322700124463903
-4.305804529268212,-4.321704702708137
-4.305810081553843,-4.3216844100422405
-4.306098964051882,-4.3206688728252205
-4.306387970203416,-4.3196531140094665
-4.3066773268995355,-4.318637547800882
-4.306969072780652,-4.3176226573180445
-4.307262497270173,-4.316608253341199
-4.307553520812036,-4.315593150417165
-4.307842501284309,-4.31457738723545
-4.307848144531434,-4.314557135002124
-4.30784767281638,-4.314557031818665
-4.307847606292313,-4.314556970302345
-4.307847538892512,-4.314556917309159
-4.307847138033885,-4.314556854386578
-4.307846772760788,-4.314556792134433
-4.3078467625803585,-4.314556743503524
-4.307846740197725,-4.314556700632563
-4.307846722243923,-4.314556666319241
-4.307846707881428,-4.314556638863994
-4.307847008403143,-4.314556786328171
-4.308129124846641,-4.313561122581764
-4.30841895409512,-4.312545607185259
-4.308709085967405,-4.311530258132913
-4.309000851935217,-4.310515380890283
-4.309006028133209,-4.310494988558988
-4.309006118268606,-4.310494962506122
-4.309006477057017,-4.310495112810512
-4.309290786136942,-4.309500056600027
-4.3092961368809215,-4.309479721572441
-4.309296045448615,-4.309479710331994
-4.3092965629224755,-4.309479874162008
-4.309580200223586,-4.3084846037084334
-4.309866708899709,-4.307468190961896
-4.310151541401239,-4.306451312905021
-4.310438781048124,-4.30543511152205
-4.310727733585512,-4.304419398594905
-4.310733447088516,-4.304399137322386
-4.310733044265385,-4.304399032023124
-4.310733341576851,-4.3043991391125696
-4.310732955034293,-4.304399043075736
-4.310732962502268,-4.304398977067975
-4.310732604925187,-4.304398900313012
-4.311011870603029,-4.303402405513329
-4.311011722216754,-4.30340202833501
-4.311011838543575,-4.303402094614609
-4.311290681991442,-4.302405468952804
-4.311572717991043,-4.3013877429160186
-4.311577355559308,-4.301367177402485
-4.311852261643139,-4.300369444854861
-4.31213499491766,-4.299351996223182
-4.3121402096599635,-4.299331596752051
-4.312140451950782,-4.299331595929406
-4.312417043795754,-4.298334375473908
-4.3124225745109355,-4.298314076038849
-4.3126996632277095,-4.297316961358865
-4.31298469719286,-4.296300143064484
-4.313272093743094,-4.295283978763193
-4.313272665487207,-4.29528380281588
-4.313561903024355,-4.294268389868059
-4.313567285512981,-4.294248072808074
-4.313853988186094,-4.293231937294552
-4.314140687382985,-4.292215540334275
-4.314145860759394,-4.292195168410913
-4.31443002148033,-4.291178330334266
-4.3144350864276015,-4.291157923922431
-4.3147120107797,-4.290160746148532
-4.314996377718788,-4.289143687051099
-4.314996699736321,-4.289143468956748
-4.315280900800967,-4.2881266588611044
-4.315286750064362,-4.288106467234909
-4.315286864126572,-4.288106465115237
-4.315567652656179,-4.287110431450989
-4.315567590860596,-4.287110109963141
-4.3155677731768005,-4.287110218679455
-4.31556766140544,-4.287110153735653
-4.315567586151564,-4.287110105829024
-4.315848793303152,-4.286114177738106
-4.315854738729392,-4.28609400248432
-4.316140055901632,-4.285099067980596
-4.316428273486345,-4.2840831579014855
-4.316433005475923,-4.284062609978362
-4.316433098742734,-4.284062656681145
-4.3164328949524196,-4.284062539504157
-4.316433052312519,-4.28406262213975
-4.316716298692268,-4.283067249823029
-4.317007589942394,-4.282052210456675
-4.317300924264354,-4.2810376765739555
-4.31759384249096,-4.28002312155709
-4.317884703056287,-4.279007892929173
-4.3178847766248705,-4.2790076073015735
-4.317884775800686,-4.279007586917298
-4.3181697229685465,-4.278012737451752
-4.318457576943521,-4.276996749505826
-4.318462203245401,-4.276976185250474
-4.318461566922978,-4.276976030064564
-4.31873730219782,-4.275978555579529
-4.318742471513873,-4.27595829119541
-4.31874240528726,-4.275958292645454
-4.318742414082866,-4.275958320900857
-4.318741830048953,-4.275958164344041
-4.3190197696047115,-4.274961280005154
-4.319024325817161,-4.274940669194414
-4.319302988618077,-4.273922265923764
-4.319581758293492,-4.272903638836427
-4.3198608995998224,-4.27188521115747
-4.320141766278585,-4.27086724984846
-4.320146490014399,-4.270846709753187
-4.320417382362694,-4.269847906123747
-4.320422552235023,-4.2698275171319855
-4.320693256823606,-4.268828618687795
-4.320698316528913,-4.268808191304667
-4.3206982429873575,-4.268808184099907
-4.320976640005401,-4.267789722574502
-4.320976487997236,-4.267789351602527
-4.320976615086227,-4.2677894295561165
-4.321257330325383,-4.266771627215537
-4.321538490275339,-4.265753761026577
-4.321543534440926,-4.26573333161221
-4.321543975898646,-4.265733476388276
-4.32154404880692,-4.265733445402132
-4.321544429054941,-4.265733591340186
-4.321544473641741,-4.265733555475421
-4.321544833487818,-4.2657336986062555
-4.321544860130868,-4.2657336594001665
-4.321827234993749,-4.2647380098389025
-4.321832538535624,-4.264717775187375
-4.322114203316882,-4.26372195419504
-4.322398992574655,-4.262704995797018
-4.3224046063242,-4.262684728784926
-4.322404854269268,-4.262684822432238
-4.322694154970834,-4.26166941951499
-4.322983185855102,-4.260653747565861
-4.322983047292385,-4.260653385440568
-4.3232651036094465,-4.259657682412951
-4.323554831176254,-4.25864213937795
-4.323560711333635,-4.258621946404346
-4.32356041116194,-4.258621893086139
-4.3235607941651555,-4.2586220400776
-4.323846964854962,-4.2576275018799725
-4.323846860897512,-4.257627142365812
-4.323847008467745,-4.257627223069847
-4.32384686902642,-4.257627133283682
-4.323846771613709,-4.2576270655827715
-4.324138446594979,-4.256612364278016
-4.324430211439061,-4.255597416398689
-4.324430234283595,-4.25559712966126
-4.324721946165975,-4.2545824608868354
-4.325014063349477,-4.253567718758596
-4.32501939178115,-4.253547395609331
-4.325019570231073,-4.253547413333018
-4.3250193487178255,-4.253547412045321
-4.325019470116215,-4.253547416092407
-4.3253088981083865,-4.252532078961417
-4.325598014053876,-4.251516457928534
-4.325602897993311,-4.251495979270387
-4.325602452816005,-4.251495884722928
-4.325884954202175,-4.250478580463796
-4.325889757655255,-4.2504580915072
-4.3258893773617695,-4.250458011725745
-4.326162545895259,-4.249459823705067
-4.32644283214895,-4.248441699517099
-4.326721096917583,-4.2474229330367494
-4.326725816934146,-4.247402428202112
-4.326725807993932,-4.247402372035838
-4.326996083666333,-4.246403424077652
-4.327269631712155,-4.245383485258804
-4.327269699263254,-4.2453831783606155
-4.327545276293156,-4.244363982704515
-4.327820555552346,-4.243344518446448
-4.327820434600038,-4.24334417833965
-4.328088940335533,-4.242344765861111
-4.328364900856313,-4.241325404793359
-4.328641184041546,-4.240306213133323
-4.328919509068707,-4.239287493177334
-4.328924576605057,-4.239267097082987
-4.328924785208539,-4.2392671191393525
-4.329194988648336,-4.238268174517189
-4.329468104501298,-4.23724804619637
-4.329468078215061,-4.237247739613023
-4.329468001190182,-4.237247703194241
-4.32973639329888,-4.236248270113522
-4.329742082958884,-4.236228024123933
-4.330014644358678,-4.235229681224262
-4.330290521441863,-4.234210366231438
-4.330568452902191,-4.2331915175668735
-4.330574121081308,-4.233171253697144
-4.330854353898087,-4.232153316604295
-4.330859304122214,-4.2321328734078545
-4.330859695308552,-4.232133011574266
-4.331134050412884,-4.231135158374069
-4.331411094599965,-4.2301161421677085
-4.331686468079016,-4.229096677364149
-4.331686443743991,-4.229096339733576
-4.331959159734621,-4.228098024579781
-4.331959404128668,-4.228097774637025
-4.33223948422406,-4.227079806600417
-4.332244481942455,-4.2270593773661105
-4.332522113526788,-4.226040731466417
-4.332527752945966,-4.226020472006813
-4.332807728951585,-4.225002467209048
-4.333087415102039,-4.223984201124151
-4.333092099211575,-4.223963667893994
-4.333362608436898,-4.222964750804323
-4.333640857209455,-4.22194607373386
-4.3339214833538025,-4.22092803387038
-4.333927557911299,-4.220907864921647
-4.334207538212944,-4.219911538288081
-4.3342137993384116,-4.219891412923299
-4.334213881999707,-4.219891453905128
-4.3342139221085905,-4.219891488802745
-4.334499228579208,-4.218874941993654
-4.33449953614795,-4.218874698877164
-4.334499376954989,-4.218874695128846
-4.334782365401706,-4.2178575226406565
-4.335065008214659,-4.216840065257133
-4.335070533707087,-4.216819830209107
-4.335070426824152,-4.21681974616806
-4.335070355030724,-4.21681969071353
-4.335347702562405,-4.215822677556845
-4.335347509854367,-4.215822313510027
-4.335623067075896,-4.214824815772736
-4.335906553470207,-4.213807594148711
-4.3361917367769784,-4.212790836515716
-4.3361974316292695,-4.212770577099039
-4.33619707222563,-4.212770495453433
-4.336197407979784,-4.212770617399879
-4.336197049112019,-4.212770537165146
-4.336480369606859,-4.211753440442668
-4.336764069663016,-4.2107362624735485
-4.336769999091848,-4.210716053202337
-4.337052283014385,-4.209720359556113
-4.337337755883448,-4.208703592934841
-4.337337758347647,-4.20870327172777
-4.337617461825456,-4.207706913317465
-4.337899968122133,-4.206689412031714
-4.337905171185783,-4.2066690327053715
-4.338182433313735,-4.2056719502717135
-4.338187561547866,-4.205651648733162
-4.338464763776265,-4.204654535601052
-4.338744813843658,-4.2036363228872045
-4.338749747636392,-4.203615861711646
-4.339025437786431,-4.202618370472149
-4.3390309138670915,-4.202598041896846
-4.339316700692595,-4.20158161880225
-4.3393166666285925,-4.201581278512089
-4.339596802766997,-4.200585034433634
-4.339602196845779,-4.200564831037915
-4.339882159076693,-4.199568501900072
-4.339887432026505,-4.199548221857708
-4.3398870795373625,-4.19954804972227
-4.339886811281312,-4.199547923601501
-4.3401725337021455,-4.198531521588558
-4.340458005609519,-4.1975148529280615
-4.340462612789712,-4.1974942880936075
-4.3404620166863355,-4.197494143926236
-4.34073544114702,-4.196496027326535
-4.341011869822421,-4.195476767988175
-4.34101707787469,-4.195456393751204
-4.34129038407222,-4.194458232877568
-4.341566423889075,-4.193438939776266
-4.341840838830911,-4.192419221806887
-4.342117406415735,-4.1913999964777
-4.342122005635009,-4.1913794357651675
-4.342122186165962,-4.191379518076755
-4.342121705591903,-4.191379417413808
-4.342121946051701,-4.191379512831449
-4.3421221642599965,-4.1913795975600365
-4.3421220979023305,-4.1913795162219625
-4.342400749284834,-4.190361142449451
-4.342406286642538,-4.190340850841331
-4.3424065529447695,-4.190340948923044
-4.342406827604458,-4.190341055595315
-4.342406449764884,-4.190340969955635
-4.342689753005327,-4.18932386920386
-4.342694688325767,-4.189303397573495
-4.3426947123814506,-4.189303341080042
-4.342694713893547,-4.189303298923219
-4.342694714987334,-4.189303265410945
-4.342975587229967,-4.18828552551077
-4.343256530591578,-4.187267532785282
-4.343537801349759,-4.186249717083
-4.343538074765798,-4.18624949644669
-4.343537904342543,-4.186249517341358
-4.343538377623048,-4.186249703957115
-4.343538781768126,-4.186249862761969
-4.343539167352259,-4.186250008616196
-4.343539233500891,-4.186249977513062
-4.3435389487642135,-4.186249936539343
-4.34353934084984,-4.186250078700725
-4.343821016921227,-4.185254059629437
-4.343825817073008,-4.185233535974905
-4.344102613552829,-4.184236326415477
-4.344107155121161,-4.184215716544491
-4.344107204182154,-4.1842157370128685
-4.34410696185468,-4.184215598991392
-4.344381971774156,-4.183217894835867
-4.344382123054851,-4.183217602942822
-4.3446645434597855,-4.1822002678704235
-4.344669526363563,-4.182179821237461
-4.344669915739862,-4.182179953858036
-4.34495204626034,-4.181162539122036
-4.345234257113801,-4.180144878727483
-4.345239201653268,-4.180124429522031
-4.345239560017004,-4.180124563234131
-4.3452392138123805,-4.180124504022156
-4.3452395678478295,-4.180124633014478
-4.345521436468638,-4.179107140341757
-4.345527056158919,-4.179086875392665
-4.3458113360242185,-4.17807005007005
-4.345817020763749,-4.178049801280758
-4.345816668740703,-4.178049723824174
-4.346096355938067,-4.177053326363464
-4.346102344504093,-4.1770331330521495
-4.346386084192163,-4.1760378101100954
-4.346391795659182,-4.176017542576034
-4.346391731244475,-4.176017445786668
-4.346681033998987,-4.175002042412259
-4.346686064783394,-4.174981602391708
-4.34697299592814,-4.1739655225023355
-4.347260307355242,-4.172949372082159
-4.347266268885455,-4.172929189700565
-4.347266070605926,-4.17292915792652
-4.347265885565301,-4.172929135639843
-4.347266330830339,-4.172929284334367
-4.347555751112105,-4.171913907855814
-4.347845243608945,-4.1708982855281045
-4.348134354346215,-4.169882643190492
-4.348139234707123,-4.16986215520226
-4.34813878685691,-4.169862052938418
-4.348415653995351,-4.168864891711769
-4.348695232997711,-4.167846562097298
-4.348972837948407,-4.166827614776673
-4.348972531402414,-4.166827213937271
-4.348972529809905,-4.166827274255014
-4.348971924456217,-4.166827147683099
-4.349249738098849,-4.165808551762081
-4.3495276417797575,-4.1647897113725625
-4.349805574969377,-4.16377088814412
-4.350083853630497,-4.162752252892346
-4.3500895828795105,-4.162732023959862
-4.350089685088525,-4.162732014814886
-4.350367472735285,-4.1617351297010705
-4.350372697753218,-4.161714782002036
-4.350655556653309,-4.160697566518459
-4.350655835238225,-4.1606973347836895
-4.350656306060296,-4.160697518177467
-4.350656424296332,-4.160697518353
-4.35093558572871,-4.159701024179508
-4.350940381773576,-4.159680523215714
-4.351215459752352,-4.158682834315054
-4.351221243901039,-4.158662591344121
-4.351506105525888,-4.15764591971519
-4.35179103206542,-4.156629009524152
-4.352076262255645,-4.155612274186105
-4.352363847083066,-4.154596195108779
-4.3526537683645685,-4.153580774686298
-4.3529459919610645,-4.152566010378157
-4.353240490183664,-4.151551900896284
-4.353537240591924,-4.150538446025747
-4.353835911548976,-4.149525487550368
-4.354134432929421,-4.148512500054057
-4.354432459635777,-4.147499470502001
-4.354728375424548,-4.146485724842571
-4.355024542710694,-4.145472143389532
-4.355323041627324,-4.144459234805731
-4.355623547920628,-4.143446838524919
-4.355923613970387,-4.142434410070042
-4.355923802711558,-4.142434166461093
-4.356215722356079,-4.141441325731943
-4.356510674938503,-4.140427379911046
-4.35651041043567,-4.14042699305089
-4.356797485685698,-4.139432725370298
-4.35708824348805,-4.138417577160541
-4.357088147331805,-4.138417233106472
-4.357088024994718,-4.138417169813188
-4.357375044595378,-4.1374229091764505
-4.357665720465376,-4.136407733620665
-4.3576657459428505,-4.136407424611104
-4.35766537831988,-4.136407368915424
-4.357950978816573,-4.13541265348307
-4.357956306198138,-4.135392308475677
-4.3579561754153255,-4.135392290528111
-4.3579563468258415,-4.13539228234291
-4.35795646965939,-4.135392271999627
-4.358239959748211,-4.134396976449894
-4.358531140374806,-4.133381843377847
-4.358537231153137,-4.133361703285762
-4.358825521700124,-4.132367776193426
-4.359121234043603,-4.131354036255301
-4.3591214421197675,-4.131353766839246
-4.359414984340093,-4.13033959730303
-4.359708903638734,-4.129325348930703
-4.360004489595261,-4.128311578165268
-4.360010399145026,-4.128291389667689
-4.36001039180664,-4.128291336997014
-4.360306256441148,-4.127277848990557
-4.360312195631415,-4.127257679953697
-4.360312484566708,-4.127257802234238
-4.360312479356571,-4.12725775752086
-4.360312793701373,-4.127257899443253
-4.3603130890192,-4.127258027587302
-4.360312731000945,-4.127257947556419
-4.360615360717869,-4.126246434844219
-4.36062070481748,-4.126226080671913
-4.360920935099746,-4.125213849650097
-4.360921019850097,-4.12521355920358
-4.360920679607098,-4.1252135062095014
-4.361218735117034,-4.12420065611008
-4.361517172023674,-4.123187726469936
-4.3618176507215844,-4.122175312740588
-4.362118423269105,-4.121163075244915
-4.3624215201372305,-4.120151522427593
-4.362726244922169,-4.119140467933124
-4.363029217214118,-4.11812887217698
-4.3630296474497845,-4.1181286859083155
-4.363030240377885,-4.118128916552972
-4.363030114072426,-4.118128930908693
-4.363334855111621,-4.117118066440792
-4.363639615881193,-4.11610693636767
-4.3636451167666,-4.116086652897056
-4.3639413259821795,-4.115095071544798
-4.364240636099457,-4.1140823842017005
-4.364240391369074,-4.11408198819148
-4.364537677448862,-4.113068914576458
-4.364537533969155,-4.113068573144282
-4.364537359092367,-4.113068504580929
-4.364536873280966,-4.113068428765621
-4.3645370910419485,-4.113068553852577
-4.364536637460392,-4.113068462821941
-4.3645369050337655,-4.11306858082147
-4.36482843099255,-4.11207559500258
-4.365123043018269,-4.1110615099991215
-4.365415685857979,-4.110046778370701
-4.365708716414596,-4.109032262876297
-4.36571381833848,-4.109011832897996
-4.366000688933495,-4.108017500802041
-4.366290847235241,-4.107002067094086
-4.366295725057461,-4.106981565901266
-4.366295239830796,-4.106981449625089
-4.366294784579306,-4.10698134904558
-4.36629435743476,-4.106981252090876
-4.366570832101155,-4.105983960438077
-4.366854499373408,-4.104966760689085
-4.36686009125494,-4.10494657832838
-4.366860023642026,-4.1049464849994175
-4.367138372198118,-4.103949726007158
-4.367419464689555,-4.102931811544905
-4.367698904472995,-4.101913450979867
-4.367980780495634,-4.100895758604584
-4.367986563146748,-4.1008755129477645
-4.367986649157408,-4.1008754710214905
-4.367987034369215,-4.100875618117064
-4.368275477600701,-4.099859973895765
-4.3682813172585355,-4.09983975938253
-4.368281649452482,-4.099839879111858
-4.368568782582342,-4.098845548220139
-4.368859243149852,-4.0978301953760115
-4.369149724285278,-4.09681485739244
-4.369149668370294,-4.096814533923886
-4.369435128927395,-4.095819809646259
-4.36944039421953,-4.095799460887765
-4.3697253065725885,-4.094804575637911
-4.369730245892911,-4.094784097441465
-4.3700102036672535,-4.093787784463644
-4.370293310906527,-4.092770355585054
-4.370298727640726,-4.092750031166056
-4.37057854349985,-4.091753577124334
-4.370578238903658,-4.091753164854334
-4.370577580235708,-4.091753009814932
-4.370577656401323,-4.091753072007977
-4.370855102219875,-4.090756057392417
-4.370860361091754,-4.090735685118414
-4.370859684562558,-4.090735493110819
-4.371140614090975,-4.089717729319305
-4.371140490144396,-4.0897173674574425
-4.371140334252108,-4.089717283163394
-4.371415736175731,-4.08871973581572
-4.37169422827789,-4.087701053949173
-4.3719730930007765,-4.086682564515149
-4.371978698291074,-4.086662294209682
-4.372257106916167,-4.085665560513823
-4.372257410382246,-4.085665326150255
-4.372537640112531,-4.084669122759231
-4.37254326580587,-4.08464885618843
-4.37254319410569,-4.084648775338047
-4.372828894971687,-4.083632366817486
-4.3728338509043105,-4.083611915504129
-4.373112336791315,-4.0826151792319845
-4.3731182633898955,-4.0825949807130995
-4.3734008171787995,-4.0815993637166414
-4.3736862085012715,-4.080582647392826
-4.373686013130382,-4.080582254585503
-4.3739644354825895,-4.079585538337694
-4.37425016020362,-4.078568929798331
-4.374250084576212,-4.0785685783402075
-4.374249951322693,-4.078568501372344
-4.374249843716494,-4.078568443205623
-4.374250063006113,-4.078568567300957
-4.37424962724234,-4.078568488777915
-4.374249910952763,-4.0785686085081245
-4.374249503569326,-4.078568521437502
-4.374249813828705,-4.078568634497146
-4.3742497817459185,-4.078568565249106
-4.374535752649049,-4.077552224989655
-4.374821798627985,-4.0765356373047705
-4.374821862429165,-4.076535351893432
-4.375107837711586,-4.075519042879826
-4.375112825665708,-4.075498621526042
-4.375112503415716,-4.075498575634952
-4.375388286672572,-4.074501141348319
-4.375666758017702,-4.073482522518791
-4.37567116574616,-4.073461894045739
-4.375945243625407,-4.072442269857467
-4.375950477712525,-4.072421903609888
-4.375949909604242,-4.072421766743203
-4.376218931137263,-4.071422455126452
-4.376490850584094,-4.070401980998345
-4.376763147409974,-4.069381701475266
-4.3767631880295434,-4.069381391057176
-4.376763482458815,-4.069381520473019
-4.3767631100723206,-4.069381460737916
-4.377037502605827,-4.068361935540097
-4.377042252077676,-4.068341424938302
-4.377308796849255,-4.067341463020218
-4.377577822376992,-4.066320301102484
-4.377845182254373,-4.065298707669776
-4.378114294894085,-4.064277561735202
-4.378119364479895,-4.064257141018084
-4.378118767726562,-4.064256993421654
-4.378381600945587,-4.063256037606825
-4.378387078944127,-4.063235701669625
-4.378387146453088,-4.063235643842865
-4.378659641197987,-4.062215603150556
-4.378932520118568,-4.061195477537029
-4.379207767823196,-4.060175978213776
-4.379213703478507,-4.060155767722841
-4.3794884291354785,-4.059157992371033
-4.379770256636432,-4.058140302041909
-4.37977608270184,-4.0581200517928915
-4.380053206570486,-4.05712294781105
-4.3800584672195075,-4.057102594752295
-4.380335028570775,-4.056105331647441
-4.380340658450789,-4.0560850315160915
-4.380340652180878,-4.056084948945097
-4.380616889022134,-4.055087601633563
-4.3806167487468715,-4.05508722943131
-4.380891192362426,-4.054089405766883
-4.381173524583342,-4.053071847740393
-4.381457549301851,-4.052054754490074
-4.381739857372705,-4.05103718162903
-4.381745748309704,-4.051016959335732
-4.382027410240414,-4.05002111970276
-4.38203356760438,-4.050000966031934
-4.382319325318901,-4.049006166121793
-4.382325164484261,-4.048985926929337
-4.382324822957267,-4.048985828718333
-4.382324523090025,-4.048985753498899
-4.382605774918491,-4.047989795929738
-4.382890170542113,-4.046972711596518
-4.383174225812375,-4.045955616301074
-4.383173959677813,-4.045955209572279
-4.38345112484027,-4.044958146086338
-4.383456818575385,-4.044937891895397
-4.3834568196264305,-4.044937829701972
-4.383738261529424,-4.04394195784596
-4.383738128331716,-4.043941598153417
-4.384017766844749,-4.042945223399377
-4.3843047164790905,-4.041928965800296
-4.384589669258112,-4.040912057081201
-4.384874267396673,-4.039895140072179
-4.385157199484235,-4.0388777666518525
-4.385162860110832,-4.03885750552351
-4.385162830975005,-4.038857444417569
-4.385162477834526,-4.038857390838327
-4.385447723776693,-4.037840852391786
-4.385732659721201,-4.036824034632664
-4.385737349887619,-4.036803506743564
-4.385737508131716,-4.036803581584895
-4.386014513310134,-4.035806452535727
-4.386019080564261,-4.035785860765302
-4.3862968170162775,-4.034767216745845
-4.3865749806770085,-4.0337485184857425
-4.386855564380006,-4.032730474135559
-4.38713821853706,-4.031712924553286
-4.387138495748955,-4.031712690849707
-4.387138960766769,-4.031712876629957
-4.387139375081468,-4.031713043759538
-4.38742127076665,-4.030717275556161
-4.387710387661724,-4.0297016342170435
-4.387997793692192,-4.028685490728154
-4.388287534096967,-4.027670008156198
-4.388579297239844,-4.0266550314631235
-4.3888706300691664,-4.025640033135543
-4.389160210045623,-4.024624524590624
-4.389165559064167,-4.024604193007688
-4.389165459180209,-4.024604195402179
-4.389446618753031,-4.0236082475608175
-4.389451512495611,-4.023587753960509
-4.389733330389997,-4.02257023150757
-4.3897389150470225,-4.022549942084803
-4.389738854045632,-4.022549862711571
-4.389738819041632,-4.022549810877119
-4.389738443120312,-4.022549751690319
-4.389738755640902,-4.022549878445199
-4.389738727253657,-4.022549820869261
-4.38973836736529,-4.022549758956621
-4.39002048859914,-4.0215323439654656
-4.390302293198656,-4.020514649392917
-4.390302164564884,-4.020514295720535
-4.390301643337777,-4.020514196593006
-4.390574485238538,-4.01951593952474
-4.390855157229154,-4.01849792906707
-4.391137510088074,-4.017480377216998
-4.391418142811268,-4.016462344960279
-4.391418454219489,-4.016462105183838
-4.391695357052242,-4.015464974360992
-4.3919756303512765,-4.01444686201226
-4.392258268231668,-4.01342938685953
-4.392264240879505,-4.013409201650281
-4.392264508210183,-4.0134092174598335
-4.39254569428583,-4.012413281762435
-4.392551360935442,-4.012393017200316
-4.392550956141559,-4.0123929157999765
-4.392835467261464,-4.01137615507301
-4.392840411218679,-4.011355686606152
-4.3928400776210745,-4.011355610287827
-4.393120015340411,-4.010337583233377
-4.393125618017921,-4.0103173017540765
-4.393125900842541,-4.01031740143017
-4.3931258868371055,-4.010317341963134
-4.39312619828746,-4.010317467183016
-4.393412881101358,-4.009301324752276
-4.393699653829035,-4.008284939437978
-4.393986751680945,-4.007268736043803
-4.393992686386084,-4.007248564513813
-4.393992852175171,-4.007248564442969
-4.394284277189953,-4.006233793074864
-4.394290215833771,-4.006213627368017
-4.394578885431984,-4.005219815009731
-4.394875674316203,-4.004206385713008
-4.394876210000093,-4.00420621771056
-4.395169722422432,-4.003213798041775
-4.39517553564462,-4.003193615044028
-4.3954691554215986,-4.002201187618632
-4.395770791378964,-4.001189171769145
-4.39577679971052,-4.001169030648441
-4.39607781316524,-4.000157023504521
-4.3963790902503375,-3.999144909051516
-4.396682638052167,-3.9981334663913173
-4.396688668933441,-3.998113345151606
-4.396985552008126,-3.99712195710117
-4.397285452541953,-3.9961094363456655
-4.397582932550944,-3.995096187035675
-4.397587896962712,-3.995075701893438
-4.39788093243408,-3.9940613570013683
-4.397880839372964,-3.9940610086685573
-4.398168831125303,-3.9930670098572696
-4.398464959740971,-3.992053394145443
-4.398762771278988,-3.9910402641273435
-4.3987687658321875,-3.991020091833233
-4.398768445493537,-3.991020018193674
-4.399058447202087,-3.9900265935624573
-4.399058335415746,-3.9900262276958656
-4.399058171590485,-3.990026130933689
-4.399058342122887,-3.990026230909148
-4.399353846419658,-3.9890126256803717
-4.3993589580526935,-3.988992210649976
-4.399646271928395,-3.987998003352127
-4.399937218590579,-3.9869828847668543
-4.399937266706082,-3.9869825675125097
-4.399936915257339,-3.9869825051949044
-4.400227739550478,-3.98596754746582
-4.400227810418866,-3.9859672574141753
-4.40051279701384,-3.9849724092844547
-4.400801050681009,-3.983956452081964
-4.400800932450687,-3.9839561159527372
-4.4010834099518865,-3.9829605563101906
-4.401368772916007,-3.981943863431139
-4.401652498260935,-3.9809267166999374
-4.401652372086771,-3.9809263664222576
-4.401932495747038,-3.97993013731207
-4.401937124519308,-3.979909576219841
-4.401936866978367,-3.97990945183675
-4.402212951288294,-3.9789120868145433
-4.402217900488652,-3.978891636223394
-4.402494335967513,-3.977894307840618
-4.402499502935283,-3.977873912759717
-4.402500071598909,-3.9778740738621767
-4.402499892410722,-3.9778740421232395
-4.4027755968538145,-3.9768765598860907
-4.402775575375261,-3.976876211699591
-4.403049430778023,-3.9758782062168403
-4.403330808638113,-3.974860298806353
-4.403331017683203,-3.9748600349214347
-4.403612281923224,-3.9738423972919295
-4.403893229193744,-3.9728244845138136
-4.403897958737455,-3.9728039683433245
-4.403897527996757,-3.972803881397977
-4.403897456523833,-3.972803818148436
-4.40389738499754,-3.97280376396174
-4.403897327727478,-3.972803720601487
-4.403897592354356,-3.9728038523775853
-4.403897542218719,-3.9728038052505887
-4.403897516352644,-3.972803771305358
-4.4041685137583455,-3.971805030181891
-4.404442123113551,-3.9707851046176232
-4.40444717364513,-3.9707646882075043
-4.404721200426907,-3.969745056407946
-4.404995707661675,-3.9687253799431
-4.404995770285617,-3.9687250812704598
-4.404995778495598,-3.968725054883403
-4.404996090818391,-3.9687252027114277
-4.4052700254747075,-3.967727249566064
-4.405275867138599,-3.9677070348468075
-4.405553948314734,-3.966710051849955
-4.405835456222707,-3.965692264016153
-4.4058412383570555,-3.965672016964492
-4.406121390218712,-3.9646755169578687
-4.406404690627955,-3.9636581386742513
-4.40641026397202,-3.963637841605378
-4.406409821445108,-3.96363773298084
-4.406688483172709,-3.9626410544447843
-4.40697471872152,-3.961624500257677
-4.406979862286177,-3.9616040942989343
-4.407258491979959,-3.960607609249663
-4.407544774475962,-3.9595911131175696
-4.407831029577761,-3.958574609469123
-4.408117566201868,-3.957558270205561
-4.408117963776364,-3.957558093874598
-4.408406399080549,-3.956542492414237
-4.408694488866417,-3.9555266016220036
-4.408980172877544,-3.954510010648264
-4.409263827621836,-3.9534927696700204
-4.409268548730654,-3.9534722806335814
-4.4095498097277765,-3.952454646027459
-4.409831471122146,-3.9514369411643044
-4.4098372435809114,-3.9514167213051534
-4.409836979319575,-3.951416685020385
-4.409837080333972,-3.9514166730537674
-4.409836800970937,-3.951416643263679
-4.409836875644134,-3.9514166226441216
-4.40983722995874,-3.951416768698083
-4.409837252948925,-3.951416733039854
-4.409837596174243,-3.951416876053802
-4.409837608995812,-3.95141683696452
-4.410117890899467,-3.950420644795629
-4.4104013406302895,-3.9494033273518476
-4.410401238336842,-3.9494029890622815
-4.410679000845306,-3.9484060953217495
-4.410683576299386,-3.948385530279216
-4.410956497869661,-3.947387274956821
-4.410956128194022,-3.947386853677728
-4.4109560657882305,-3.9473868866798525
-4.410955758057881,-3.947386758142891
-4.411229281413957,-3.9463886830408375
-4.411229390826379,-3.94638839664683
-4.411505551724417,-3.9453910328630917
-4.411789219788063,-3.9443737777374177
-4.412072487308367,-3.9433564964867784
-4.4120773755178,-3.943336021057534
-4.41207737070878,-3.943335969809121
-4.412351276662636,-3.9423380117394466
-4.412633032576433,-3.941320302304183
-4.41263908424847,-3.9413001262298826
-4.412639692634494,-3.9413003136969356
-4.4126399406916335,-3.9413003285953714
-4.412639804194707,-3.9413003300951552
-4.412920859947516,-3.940304311249141
-4.413209455860737,-3.939288428331806
-4.413497629496732,-3.9382725150443343
-4.41378373733872,-3.937255936060065
-4.414069456832266,-3.9362393393094073
-4.414352806549447,-3.935222071213483
-4.4146341563808855,-3.934204173670332
-4.414638693242415,-3.9341836275689044
-4.414638778746389,-3.9341836986008065
-4.41491434138932,-3.9331861770897474
-4.415192670707871,-3.9321675117593857
-4.415468683290788,-3.9311482023179654
-4.4154681362280215,-3.931147727138028
-4.415737506994823,-3.9301485415098307
-4.416014430581197,-3.929129429006911
-4.416291729767287,-3.9281105074396976
-4.416291900952862,-3.9281102421226635
-4.416291995369857,-3.9281102426379277
-4.416292070011738,-3.9281102464914825
-4.416571344999198,-3.92709208126377
-4.416576233226825,-3.9270716381893713
-4.416848367438182,-3.9260731686677133
-4.4171279095159175,-3.925054780462776
-4.417407417450274,-3.9240363869670682
-4.417686879464196,-3.9230179918243624
-4.4179663044927775,-3.9219995955313482
-4.418245699859368,-3.920981198309591
-4.418525390659444,-3.919962967539082
-4.418531283387661,-3.919942789563385
-4.418810382200102,-3.9189462713968912
-4.418815765989491,-3.918925977800981
-4.419099945928726,-3.9179091358381677
-4.419384105495655,-3.9168920273510106
-4.419668530120127,-3.9158750765413823
-4.419955281583711,-3.914858770167109
-4.4202436658652955,-3.9138429359783955
-4.420243968512854,-3.91384271028102
-4.420244435912684,-3.9138428984105436
-4.420532716819812,-3.9128272287526737
-4.4208206978091,-3.911811280455639
-4.420825593764041,-3.911790812268258
-4.42082551503618,-3.9117907434808443
-4.421103338995382,-3.910793863113354
-4.421103127502792,-3.910793492846486
-4.4211028863427995,-3.9107933934380554
-4.421379015662495,-3.9097960569052823
-4.421662356732629,-3.9087787970978107
-4.421667142286369,-3.9087582814579838
-4.421667361531979,-3.908758369256552
-4.421667257694704,-3.9087582890067756
-4.421667495840962,-3.9087583978224614
-4.4216677305264875,-3.908758498408864
-4.421667980746252,-3.90875859726432
-4.421667938646917,-3.9087585258006405
-4.421950735581849,-3.9077630004878436
-4.421956691793533,-3.9077428228856417
-4.421957167168387,-3.9077429672026542
-4.422251980484425,-3.9067291413132987
-4.422257272523077,-3.9067087757212673
-4.422257396374858,-3.9067087471664435
-4.422549748759798,-3.9056942291727212
-4.422549886768963,-3.905693959225739
-4.422836359203026,-3.9046995329099423
-4.422836255664273,-3.904699196754598
-4.423125962519334,-3.9036839354377633
-4.423416097694466,-3.9026686105859105
-4.4237086269661425,-3.901653956409452
-4.424003522361758,-3.90063997863178
-4.424300743106955,-3.899626673702536
-4.424307162111927,-3.899606658091665
-4.4246034093520565,-3.8986150251753573
-4.424907069981087,-3.8976036422855547
-4.4252086376844195,-3.896591533514366
-4.4252141752816865,-3.8965712590784047
-4.425513164250428,-3.895558669574736
-4.425519286916036,-3.8955385466912866
-4.425814555356825,-3.894546439626205
-4.425814511606085,-3.8945461049997436
-4.425814401220686,-3.894546033167344
-4.426107905979206,-3.8935536562883257
-4.4264093206948045,-3.892541521587834
-4.426415499097766,-3.892521417485803
-4.426719184340371,-3.8915102324432636
-4.426719351433689,-3.8915099782131346
-4.4267190794070554,-3.89150995632235
-4.427020583179179,-3.890498134941135
-4.427020707115152,-3.890497872754053
-4.427020399592853,-3.890497843187831
-4.427020760180354,-3.8904980057452296
-4.42731691398529,-3.889506414386923
-4.427322465408662,-3.8894861496008795
-4.427322362812111,-3.8894861371121956
-4.427616607245531,-3.888493932060754
-4.4279190310391865,-3.8874821458272755
-4.4279256372004046,-3.8874621256325144
-4.428226891019819,-3.88647201424428
-4.428536154237536,-3.885462221518579
-4.428845321429541,-3.8844524101347075
-4.4291543929713235,-3.8834425858204593
-4.429463705001507,-3.8824329253968037
-4.429775000654828,-3.881423792619952
-4.429781594385352,-3.8814038171184353
-4.430088783926606,-3.8804153709463676
-4.430088878967383,-3.88041508982297
-4.430088877269326,-3.8804150599495832
-4.430088530683573,-3.880415014335105
-4.43008820912997,-3.8804149650705293
-4.430394699417107,-3.879404630683215
-4.43070124745635,-3.8783940420196994
-4.430701326465218,-3.8783937653297182
-4.430701326922399,-3.878393750831554
-4.430701326256692,-3.8783937426333677
-4.430701629461162,-3.878393911409163
-4.430701261730545,-3.8783938571663428
-4.430701598218376,-3.87839400870571
-4.430701591286235,-3.878393964782012
-4.43070124800072,-3.8783939048067446
-4.4307009290451616,-3.878393843897172
-4.430999937325891,-3.8774030822631644
-4.431000246804277,-3.8774028459919876
-4.431301000997844,-3.8764126321467605
-4.4313010234437655,-3.876412315092872
-4.431599930585922,-3.875421539288286
-4.431907201316661,-3.8744112372770316
-4.4319137563622855,-3.8743912240489897
-4.431914045589771,-3.8743912509144547
-4.432225546921981,-3.873382449750806
-4.432537078445638,-3.8723733859950085
-4.432537311801509,-3.8723731567371464
-4.432537089791057,-3.872373155381288
-4.432846307394199,-3.8713636697337046
-4.433155198760592,-3.8703538888179723
-4.4334620838581635,-3.8693434064352097
-4.4334673415617125,-3.869323061365734
-4.433771807437627,-3.8683121222181365
-4.4340759844814,-3.867300907935399
-4.434075804048507,-3.867300549057291
-4.434372652077894,-3.8663091814738664
-4.434377978734027,-3.8662888727136213
-4.434377719226645,-3.8662888259561212
-4.434672019342796,-3.8652966722880193
-4.434677809443303,-3.865276705385025
-4.434677641226749,-3.865276587210012
-4.434971712518458,-3.864284358478904
-4.434977370463928,-3.8642642823651605
-4.435277294060581,-3.8632519513764536
-4.435283107153876,-3.8632317375418146
-4.435282929693317,-3.863231623342667
-4.435283104085011,-3.863231719967914
-4.435587753587901,-3.8622208218868614
-4.43559379333918,-3.8622006779621394
-4.435895479756053,-3.861210737994811
-4.436205613882225,-3.860201304083818
-4.436518092097032,-3.8591925794874147
-4.436832185133752,-3.8581843728324507
-4.437144532915049,-3.85717561375867
-4.437151141257492,-3.8571556268122418
-4.437151085057288,-3.8571556320872444
-4.437459184509142,-3.8561676648854015
-4.437464703104517,-3.856147343719438
-4.437767845715835,-3.855157815371355
-4.437773770930298,-3.855137620727109
-4.43807669669334,-3.854147875756478
-4.438076400790097,-3.8541474376891167
-4.4380757439858725,-3.8541472525128917
-4.438374187683575,-3.853156314006336
-4.4386762223210585,-3.8521443379604956
-4.438681935569639,-3.8521240998032042
-4.4389803140660336,-3.851133125450957
-4.438979957232897,-3.8511326871727607
-4.4392819652915945,-3.8501209979953566
-4.439281751640397,-3.8501206237832504
-4.439281819096654,-3.8501207064143745
-4.43928161967071,-3.8501206134846324
-4.4392811267814,-3.85012051581694
-4.439280688014038,-3.850120425472439
-4.4392802743987945,-3.8501203353673183
-4.4395782640067685,-3.84910745013707
-4.439584192918406,-3.849087276644118
-4.439884577533127,-3.8480750942782556
-4.440184695476035,-3.8470626493193056
-4.440184552034244,-3.8470622878432383
-4.440477416239595,-3.8460697248712092
-4.440778551948776,-3.845057589565562
-4.441082059463491,-3.844046144855332
-4.441387206537858,-3.843035204150655
-4.441393449900234,-3.8430151065595854
-4.4416934258825105,-3.842024637707049
-4.442001461333961,-3.8410144822539274
-4.442007158093456,-3.8409942520802938
-4.442307325947158,-3.8400038145867446
-4.442307800583926,-3.8400036323726834
-4.442609614215753,-3.839013744081784
-4.442914984340705,-3.8380027869700712
-4.442920386555589,-3.8379824630950607
-4.443223271777882,-3.8369710326666224
-4.443223363976006,-3.836970751624967
-4.443223376494133,-3.8369707311137495
-4.443223686619693,-3.8369708916528684
-4.4432239783699155,-3.836971034887642
-4.443531141047408,-3.8359609075019794
-4.443838721089667,-3.8349507156298066
-4.443845070421919,-3.8349306775224346
-4.444151521654249,-3.8339421754871266
-4.444151972625554,-3.8339419921201268
-4.444460111644826,-3.832954052579904
-4.444771593429683,-3.831945043240618
-4.444777625710144,-3.8319248894048874
-4.444777453978472,-3.8319247743680163
-4.445083812449007,-3.830936277533091
-4.445397997117461,-3.829928103872219
-4.44539799686396,-3.8299277710443826
-4.445398216048468,-3.829927883850805
-4.445712492769897,-3.828919941836242
-4.445712524172465,-3.8289196393285354
-4.445712785673514,-3.828919777468355
-4.445712741356882,-3.8289197298570627
-4.445712719938296,-3.8289196962432896
-4.445713006571788,-3.828919847839344
-4.446025258101129,-3.8279330327609045
-4.4460313788195895,-3.8279129280950888
-4.446349844275873,-3.826906284905106
-4.446668079462367,-3.8258993819720426
-4.4466733982784445,-3.8258789962819755
-4.4469818104969825,-3.8248910960649565
-4.447298729459353,-3.823883774488036
-4.447617706993286,-3.8228770139191357
-4.44793629080261,-3.821870227871994
-4.44825284791078,-3.820862719097706
-4.448258431521226,-3.8208424436671544
-4.448567056348918,-3.819854616964574
-4.448572823254262,-3.8198344138215825
-4.448573322702951,-3.8198345874958677
-4.4488897277185,-3.8188272996186785
-4.448889922031747,-3.8188270385530227
-4.4491999580389505,-3.817839693678744
-4.449513783902722,-3.816831336339123
-4.449827621977405,-3.815822988268244
-4.449833810682013,-3.8158029156892037
-4.449833714372987,-3.815802849152968
-4.450149929345393,-3.8147955366322366
-4.450156226187725,-3.8147754985412154
-4.450469200727822,-3.8137890795385783
-4.450790845137905,-3.812783269716037
-4.4511148224054775,-3.811778191724453
-4.451441089279137,-3.8107738512840195
-4.451768937163736,-3.809770046489627
-4.452095019239791,-3.808765648963714
-4.45242335930139,-3.807761985197985
-4.45243044148805,-3.8077421747310014
-4.45243089433645,-3.807742265042434
-4.452431269856452,-3.807742349773678
-4.452763609793957,-3.8067402312337837
-4.453096290385209,-3.80573802879159
-4.453430950599099,-3.8047363974817094
-4.453437927680951,-3.804716584507531
-4.453768004117169,-3.8037353417839084
-4.454101922541663,-3.802733541438579
-4.454101795962905,-3.802733173976003
-4.454427780770368,-3.8017509717051885
-4.4544338131945125,-3.801730850577201
-4.454434214012114,-3.801731006600049
-4.454434264004935,-3.8017309695728514
-4.454433971278598,-3.8017309110601825
-4.454766084050329,-3.8007286983183803
-4.454772794372634,-3.800708775527279
-4.455107237904096,-3.7997073323701125
-4.455107350343602,-3.7997070542499323
-4.455107670255769,-3.79970721569619
-4.455437491760017,-3.7987261971079787
-4.455771574756019,-3.7977243654438477
-4.455777391834951,-3.7977041474958586
-4.456102451239841,-3.796721621325418
-4.456108030477835,-3.7967013069553435
-4.456108083999422,-3.796701348231249
-4.456431234478956,-3.795718184849731
-4.45643791429442,-3.795698240946257
-4.456437612217388,-3.7956981423071343
-4.456437343949562,-3.7956980654549337
-4.456437411121894,-3.795698015771698
-4.456760504566501,-3.7947148439978604
-4.457087693501981,-3.793710721320325
-4.457414538855262,-3.7927065692744986
-4.457420741279572,-3.7926865496034394
-4.457742150568094,-3.7917028256471275
-4.4580717729326205,-3.790699582740587
-4.458399440351826,-3.7896956144606704
-4.458727125451607,-3.788691669889531
-4.458733576596645,-3.7886716800175697
-4.458733467128406,-3.7886716007085037
-4.459057652972485,-3.787688814335058
-4.4593900419964285,-3.78668650930426
-4.459720448301269,-3.7856834542813593
-4.46005084748813,-3.7846804118079342
-4.460050886879193,-3.7846801267195995
-4.460374617839233,-3.7836971966545487
-4.4607020923317275,-3.7826932841123964
-4.461027260631319,-3.781688601283066
-4.4613508155130335,-3.7806834172833317
-4.461676802445368,-3.779679009610311
-4.461676910522569,-3.7796787246260193
-4.461676605295961,-3.779678678558313
-4.4616766531326215,-3.779678659052493
-4.461995983195207,-3.7786942920287667
-4.462318968300985,-3.7776889073991513
-4.462639988506098,-3.776682807933676
-4.462960706485255,-3.7756766985910173
-4.462966660888047,-3.7756567282731606
-4.4632813914937675,-3.77467082829207
-4.463286552947352,-3.7746503896486927
-4.463285826745527,-3.7746501692310375
-4.463285516828794,-3.7746500133902434
-4.463284909437642,-3.774649853171513
-4.463284378986859,-3.7746497127038348
-4.463588384378966,-3.7736604500802624
-4.463895644016226,-3.7726501194486337
-4.463900484300696,-3.7726295862578674
-4.46419743381842,-3.7716381608091867
-4.464497895193353,-3.770625713647135
-4.464503478305524,-3.7706054460480867
-4.464503111537988,-3.770605272763041
-4.464502831654044,-3.7706051462024
-4.46450290944834,-3.7706052249020154
-4.464502364452176,-3.7706050935059325
-4.4645019019854875,-3.7706049817769483
-4.464502126878824,-3.770605077789316
-4.464799262660093,-3.769613746280843
-4.465100309328588,-3.7686015606511707
-4.46510035041573,-3.7686012289549335
-4.465100335856377,-3.768601174777431
-4.465403403720196,-3.767589813598416
-4.465403469826787,-3.767589528553144
-4.465706542116635,-3.7665781830624923
-4.4657126160881395,-3.7665580755705506
-4.465712895677819,-3.766558206424343
-4.4660205236244535,-3.765548223750093
-4.466026697392089,-3.7655281308007886
-4.466026688816613,-3.765528082038016
-4.466331323157053,-3.764539052030034
-4.466331629242794,-3.7645388329363936
-4.466638002176414,-3.7635503493441056
-4.466948392770827,-3.7625410129876533
-4.467260443847185,-3.7615321730616347
-4.467570140856486,-3.760522602463406
-4.467878156990299,-3.759512528779123
-4.46818788769417,-3.7585029692997396
-4.468495645972155,-3.7574927321894775
-4.468803071779453,-3.7564824828734746
-4.468802812222385,-3.7564820907648433
-4.46910286768785,-3.7554916840423176
-4.469411363440926,-3.754481774465254
-4.469721931684114,-3.7534724050862063
-4.469722194876225,-3.7534721809919867
-4.469722341831295,-3.753472208745934
-4.469722115037749,-3.7534722126961952
-4.469721889467755,-3.753472202738737
-4.469721989050008,-3.753472197836748
-4.4700280079414725,-3.752461733827917
-4.470334090997947,-3.7514510148338154
-4.4703342088454425,-3.751450758397067
-4.470634821228778,-3.7504605257340264
-4.470635145365604,-3.7504603315405673
-4.470938289964877,-3.7494708551613187
-4.470944916693878,-3.7494508946404252
-4.470945236477407,-3.749450947318496
-4.471258645028384,-3.7484427494174466
-4.471571712444212,-3.747434253211358
-4.471577179635827,-3.747413951066081
-4.471885757608425,-3.7464042473175674
-4.47189192296573,-3.7463841531727127
-4.471891541665162,-3.7463840656805867
-4.471891209911175,-3.7463839986019063
-4.471891533358082,-3.746384128071988
-4.4718911644138855,-3.74638403656921
-4.471891499148269,-3.7463841587535924
-4.471891135344434,-3.746384060454189
-4.4721916984558705,-3.745393758639414
-4.472496163793727,-3.744382587303784
-4.472501554576822,-3.744362228525361
-4.472501269266404,-3.7443621420825592
-4.472501317783307,-3.7443620859769196
-4.4727971519182415,-3.7433703816672486
-4.472797031113857,-3.743370011129724
-4.473096316110946,-3.742357509779965
-4.473395344237123,-3.7413447401363693
-4.473692045909855,-3.7403312753332845
-4.473986785665569,-3.7393171680336947
-4.473991521212217,-3.739296654100168
-4.4739915443568,-3.7392967056986373
-4.473991288881549,-3.7392965888062624
-4.473991098555536,-3.7392964995178355
-4.4739912507921495,-3.7392966031819177
-4.474288165123536,-3.7382834169891783
-4.474585522753618,-3.737270170845888
-4.474884943583274,-3.736257442878192
-4.474890327846365,-3.7362371214967274
-4.4751821802626734,-3.7352442013095812
-4.475482088048943,-3.734231692277707
-4.47578432244067,-3.7332198593878085
-4.475790252713309,-3.7331996993016556
-4.475790756123579,-3.7331997901715925
-4.475791443001112,-3.7332000324506147
-4.4757917375447995,-3.7332000740856395
-4.475792292238466,-3.733200282015451
-4.476091840158426,-3.7322093642521343
-4.476395279346659,-3.73119790117854
-4.476700377917241,-3.730186924566135
-4.476700388883023,-3.7301865944829187
-4.476997341179572,-3.729195221797397
-4.477002378389323,-3.7291747670517266
-4.477002170684243,-3.729174643700526
-4.477001986694482,-3.7291745476886318
-4.477300118319267,-3.7281617232979474
-4.477598678935303,-3.7271488361437166
-4.477598862653469,-3.727148579937588
-4.477599264874942,-3.727148756802967
-4.477901940541775,-3.726137283780839
-4.4782043285108255,-3.7251255293161387
-4.478505035706928,-3.7241132688604393
-4.478807796434272,-3.7231015353186936
-4.479110874397526,-3.722089988281522
-4.479117146870187,-3.72206994279418
-4.479418390957271,-3.7210794480292093
-4.479723214685805,-3.7200683304125555
-4.479729251037098,-3.7200481979475204
-4.479728857859652,-3.7200481080060275
-4.480033872088202,-3.7190373225593008
-4.48003393233936,-3.7190370278169342
-4.480333611104009,-3.7180464874468107
-4.480641629157236,-3.717036423751686
-4.480647490319756,-3.717016239319765
-4.480647500023442,-3.7170162709715044
-4.480647441392231,-3.7170162859038403
-4.480944463647482,-3.7160249468545863
-4.480949721022841,-3.7160045418426697
-4.48094935578805,-3.7160044339891636
-4.480949649344967,-3.71600453462072
-4.480949608814296,-3.716004452237399
-4.481247637460216,-3.7149915742220743
-4.481545376842968,-3.7139784172600447
-4.481841123429452,-3.712964597955687
-4.481841015781418,-3.7129642567373145
-4.482136746435001,-3.7119507393842164
-4.482142559067421,-3.711930556839104
-4.482142103579499,-3.711930462574044
-4.482433001401031,-3.710937311203412
-4.482433245398803,-3.710937065066198
-4.482433397675651,-3.7109370730538607
-4.482726817963044,-3.709944669544139
-4.483027759004365,-3.708932479243153
-4.483027911682776,-3.7089322026543243
-4.483326711919376,-3.7079195764940587
-4.483625899613548,-3.7069068757278485
-4.483631374901787,-3.7068866005308534
-4.483631259161671,-3.7068866023916187
-4.4839218683383795,-3.7058933740555475
-4.483926944209622,-3.705872932113326
-4.484212599186552,-3.7048782322143166
-4.484501518543439,-3.7038624363344894
-4.484790116036538,-3.7028466283200925
-4.485076398199026,-3.701830162329925
-4.485361047346433,-3.7008132614288156
-4.485647840424681,-3.699796872811026
-4.48593501039286,-3.6987806905234466
-4.486224273878437,-3.697765014872125
-4.486513854454478,-3.696749522862969
-4.486805479930767,-3.695734530915636
-4.486805772035726,-3.695734321524985
-4.487097241275164,-3.694719583923355
-4.4873887489319095,-3.693704583802881
-4.487679868910833,-3.692689556580169
-4.4876855508588065,-3.69266933601994
-4.4879711410093845,-3.691674615992437
-4.487976638750535,-3.6916543578148637
-4.487976030741492,-3.6916542043110923
-4.488260189960106,-3.690659100959409
-4.488552101605277,-3.6896441683870473
-4.488843654650123,-3.6886292169165684
-4.489133186784166,-3.687613609470128
-4.489133132207898,-3.6876132879284955
-4.4891333272851615,-3.68761340969988
-4.48941915943413,-3.6866187923601594
-4.489707957780975,-3.6856030574208702
-4.489994783346932,-3.6845866808870067
-4.489994492522859,-3.6845862916683285
-4.490281386762632,-3.6835702394888967
-4.490286903397281,-3.6835499767588185
-4.4905712514010165,-3.6825549434438045
-4.490863724145265,-3.6815402717122714
-4.491158573793386,-3.68052626993213
-4.491164221225305,-3.6805060196575368
-4.491164276574834,-3.6805060648542405
-4.491450527501533,-3.6795115725076886
-4.491739628968443,-3.6784959074110057
-4.492026697464339,-3.677479583542071
-4.492031526894382,-3.677459083942685
-4.492031078322881,-3.6774589787012815
-4.492307960123993,-3.67646182167274
-4.492587913655897,-3.675443522254954
-4.492592495758328,-3.675422953599327
-4.492865303746399,-3.6744246544124453
-4.492870969762572,-3.6744043858611968
-4.4931487175288085,-3.6734074434083204
-4.493153898750815,-3.6733870582798915
-4.4931541652819265,-3.6733870556092043
-4.493436955835544,-3.672369820794335
-4.49371941225829,-3.671352305713169
-4.49372421121952,-3.671331796853592
-4.494002163839355,-3.6703132245016765
-4.494002176516085,-3.670312915190444
-4.494001785844345,-3.6703128576545363
-4.494001427737603,-3.6703128045403233
-4.494001078297229,-3.670312745804671
-4.4940013960391525,-3.6703128618280245
-4.494275006084584,-3.669293116240509
-4.494548704924499,-3.668273128256871
-4.4945541802063635,-3.6682528201854843
-4.494830216518398,-3.667233737833468
-4.494830285277276,-3.6672334526409154
-4.495101579361322,-3.6662347891094886
-4.495380344480627,-3.6652161912900163
-4.495380609061951,-3.6652159647773455
-4.495653669003235,-3.6642177941820124
-4.4959293421686,-3.6631984376395748
-4.4962033260056,-3.66217862057475
-4.496208802990786,-3.662158305637659
-4.496208770484599,-3.6621582460378983
-4.496487230779897,-3.661139838263617
-4.496492799713342,-3.661119561727208
-4.4964924298007265,-3.66111949179544
-4.496492448973465,-3.6611194538468688
-4.496766347628712,-3.660121491087815
-4.496771378773183,-3.6601010890727035
-4.496771257678185,-3.6601010750746705
-4.49704246273542,-3.6591023649939545
-4.497316558369401,-3.6580824697158745
-4.49731654143188,-3.658082141861422
-4.497590583645614,-3.6570625338052274
-4.497596016455799,-3.6570422253447723
-4.4975956082174875,-3.6570421475050283
-4.497595909732299,-3.657042269341364
-4.497866865343489,-3.6560434853439774
-4.4978721282656675,-3.6560231467374265
-4.498142911618169,-3.655024279100015
-4.4981480310476964,-3.655003878005267
-4.498148004457758,-3.6550038800903804
-4.498147391532825,-3.6550037157131157
-4.498423748160693,-3.653984696054878
-4.4987001954224155,-3.6529654376597063
-4.498704864697057,-3.6529448980532444
-4.498978901236988,-3.651925268371757
-4.498978892594445,-3.651924956296125
-4.499248228001751,-3.650925754638799
-4.499248471163888,-3.650925514527712
-4.49924893384528,-3.6509256903543155
-4.499249044311769,-3.6509256856153285
-4.499522277077077,-3.649927552026075
-4.499798504822198,-3.648908254925531
-4.500074743532738,-3.647888965751642
-4.500351005790743,-3.6468696947071173
-4.500355726121277,-3.646849200197974
-4.500355993229387,-3.6468493250916674
-4.500631982165797,-3.645830247684052
-4.500908394386119,-3.644811094746713
-4.501187192136177,-3.6437925769254313
-4.501467663888587,-3.6427745228401704
-4.5014678355753315,-3.6427742563801138
-4.501741407371839,-3.6417761845160386
-4.50174175290156,-3.641775974031593
-4.50201703063714,-3.6407784025168057
-4.502022579040859,-3.640758116630735
-4.502022179800154,-3.6407580289419412
-4.502295886121613,-3.6397599822810762
-4.502296161857656,-3.6397597294937833
-4.502296343067497,-3.6397597328983453
-4.502572527011498,-3.638762391592689
-4.502578542928747,-3.6387422135645155
-4.502578818992303,-3.638742230653296
-4.5028647713918115,-3.6377258929119587
-4.502870690784067,-3.6377057014595784
-4.503153188319163,-3.636710100626089
-4.503438887768726,-3.6356934085636277
-4.5037249132681945,-3.6346768971929917
-4.503730071891223,-3.634656504168914
-4.503729875635771,-3.6346564765925278
-4.504007635414513,-3.6336595774166236
-4.504013128791503,-3.633639273423094
-4.50401264126226,-3.6336391411865905
-4.5040125662854456,-3.633639055998633
-4.504012492093647,-3.633638984181445
-4.504288700396869,-3.6326416514562294
-4.504572115677104,-3.6316243999624938
-4.5045777204666,-3.631604111000199
-4.504856517196588,-3.630607477118322
-4.50486244171027,-3.6305872629878126
-4.5048622476198705,-3.63058721512
-4.505143148969208,-3.6295911635990152
-4.505427138298518,-3.6285739707865856
-4.505431937521602,-3.6285534683036214
-4.505432192770553,-3.628553556565254
-4.505710972844639,-3.6275569257652034
-4.505716884445311,-3.627536706412792
-4.506005636259462,-3.626521124028185
-4.506294446391236,-3.62550530292893
-4.506294623430527,-3.625505037535359
-4.506294361115182,-3.625505016937217
-4.506580880123557,-3.624488845236831
-4.5065866774155445,-3.624468632805433
-4.506586709067245,-3.624468596585195
-4.506869809128432,-3.623473208231342
-4.507155769070818,-3.6224566732006265
-4.507439739062522,-3.6214394948724515
-4.507445126074115,-3.621419175919177
-4.507444870316894,-3.6214190582114134
-4.507444982127454,-3.621419148131847
-4.507727874423028,-3.620423678792121
-4.50773328458069,-3.6204033652206715
-4.507733288315534,-3.6204033884517104
-4.507732701344876,-3.6204032351347397
-4.507732860757736,-3.62040330295269
-4.508017895548939,-3.6194084152135995
-4.508023366643516,-3.61938808696951
-4.508023382945519,-3.619388095758957
-4.50802345753686,-3.6193881306737583
-4.508312722129226,-3.618394258743414
-4.508317519181252,-3.6183737103483207
-4.508607798370713,-3.6173585538829203
-4.508612656512608,-3.617338035048297
-4.50890063244656,-3.6163222370015045
-4.509188695787836,-3.61530620786693
-4.509476788079837,-3.614290199230604
-4.509482452052748,-3.6142699662025204
-4.509767865334365,-3.6132752190525546
-4.509773159469645,-3.613254867343167
-4.509772995645032,-3.6132548437505516
-4.509773139494452,-3.613254830553126
-4.510061613580223,-3.6122392034764648
-4.510066730854974,-3.61221879546385
-4.5103478765048255,-3.6112227978270517
-4.5103539308375575,-3.6112026360039926
-4.510353804428834,-3.611202616806686
-4.510353676981122,-3.6112026041116034
-4.510640293394287,-3.610186430488648
-4.5106461682704895,-3.6101662184955265
-4.510935105389489,-3.609150701663175
-4.510940985710338,-3.6091304964293567
-4.511232297625865,-3.608115664524053
-4.511237410390566,-3.608095269823117
-4.511237482213238,-3.608095236147448
-4.511520585482948,-3.607099844034939
-4.511806548976079,-3.6060833037826328
-4.511806260793027,-3.6060828969295686
-4.512084547968185,-3.6050861277991166
-4.512089729913206,-3.605065938997103
-4.512367905464771,-3.604069109528203
-4.512649628572364,-3.6030513919265448
-4.512933126131226,-3.602034138461281
-4.513214677299933,-3.601016276450158
-4.513496604005076,-3.5999986227961864
-4.513780966541148,-3.5989816394180485
-4.513781223848126,-3.5989813925577905
-4.514061857840724,-3.5979853150850167
-4.514066735571271,-3.5979648308786634
-4.514066981031833,-3.5979649267586717
-4.514344771401007,-3.596967964087398
-4.514625707023012,-3.595949935236385
-4.5149063188166565,-3.594931897555595
-4.515184608174058,-3.593913218702189
-4.515188917524711,-3.5938925517944313
-4.515457393799154,-3.5928930860601467
-4.515728836589483,-3.5918724878378874
-4.516000375080334,-3.590851923577848
-4.516272323738014,-3.5898315731020762
-4.516546727615028,-3.5888118692059283
-4.51655235272559,-3.588791613337379
-4.5168256134749605,-3.587793246652979
-4.517101517934636,-3.586773928951114
-4.5173757295745895,-3.585754155390244
-4.517652359518814,-3.5847350305303087
-4.517658049087236,-3.5847147742867294
-4.517933475571022,-3.583716935364297
-4.517933458554894,-3.58371660057905
-4.517933373474959,-3.5837165301821168
-4.517932960214234,-3.5837164629283804
-4.517932584915309,-3.583716398041154
-4.51820120292133,-3.5827169951642985
-4.5182056653992335,-3.58269638002964
-4.518469373174713,-3.5816956404175113
-4.518735904548447,-3.5806737382158116
-4.5190024967741165,-3.579651862439174
-4.5192694764401145,-3.5786301898797945
-4.519269539267369,-3.578629893844517
-4.51926985202851,-3.578630033247833
-4.519269495412757,-3.578629986035238
-4.519269183649144,-3.5786299422088326
-4.51953152747613,-3.577628849522236
-4.519537152178312,-3.5776085543530676
-4.5198090378279225,-3.576588333464927
-4.520081297853886,-3.5755680330353887
-4.520087114588285,-3.5755477824416597
-4.520358155093127,-3.5745489210208365
-4.5203582376056115,-3.5745486138198257
-4.520632111373024,-3.5735289484439092
-4.52063759246474,-3.57350863515166
-4.520909099870345,-3.572510009180959
-4.521187738789043,-3.5714914404038582
-4.5211878084877535,-3.5714911302055734
-4.521187792957995,-3.5714910867371588
-4.521459543555381,-3.5704925484789674
-4.521738781107935,-3.569474072267165
-4.522018318605793,-3.56845575921697
-4.522024298342816,-3.5684355704916992
-4.522024580908142,-3.568435601394665
-4.522308369023172,-3.567418667666048
-4.522592181330309,-3.5664014685953327
-4.522598015545553,-3.5663812663280385
-4.5228783674458555,-3.5653850090368886
-4.522878322082868,-3.5653846887211826
-4.522878515898034,-3.565384798400895
-4.522878063965757,-3.565384713247896
-4.522877675901658,-3.5653846389518313
-4.522877302692434,-3.565384562683767
-4.522877601663692,-3.5653846707445838
-4.523153296568482,-3.5643871703781587
-4.523157915970175,-3.5643665898307044
-4.523157393589571,-3.5643664426867554
-4.523157253096974,-3.564366334528088
-4.523426764223376,-3.5633671594272776
-4.523704059973587,-3.5623482065180205
-4.523983405785097,-3.561329730833776
-4.524262335516705,-3.5603112402247254
-4.524539529518986,-3.55929227274946
-4.524818389825414,-3.5582737603329595
-4.525094860429977,-3.5572545912443427
-4.525094698107204,-3.5572542248273242
-4.5250947962263295,-3.557254305963169
-4.525094917362691,-3.557254387943493
-4.525095076746442,-3.557254471322801
-4.525095266831041,-3.5572545558878437
-4.525372822965515,-3.5562573877403296
-4.525377445905627,-3.5562368145255614
-4.5253772364049745,-3.556236680794026
-4.525376702777864,-3.5562365571341
-4.525376890243625,-3.5562366355481014
-4.525650483573958,-3.5552385568598273
-4.525656206800377,-3.5552182935066985
-4.525939633643807,-3.554201210148879
-4.525939808930465,-3.554200929141125
-4.525939892033139,-3.5542009096172875
-4.526223272933884,-3.55318386191853
-4.526506344413077,-3.5521665344424873
-4.526787400363392,-3.551148561211002
-4.527068793938905,-3.550130776259856
-4.5273525889706105,-3.5491136469690097
-4.527358541643183,-3.5490934794031044
-4.527641706820857,-3.5480980721122957
-4.527932833564097,-3.547082997157102
-4.528226268305408,-3.5460685727233456
-4.528227003788374,-3.5460684594244385
-4.528227202057951,-3.546068573773996
-4.528514295201288,-3.54507433225819
-4.528804911506735,-3.544059111381877
-4.528805277642251,-3.544058886175347
-4.5288055253069395,-3.5440589178901165
-4.5290921258670815,-3.5430645338886357
-4.529381626586531,-3.5420490029750487
-4.529386407756163,-3.542028478306272
-4.529386516231764,-3.542028537255373
-4.529386326188096,-3.5420284296980857
-4.529386493154527,-3.542028520352069
-4.529386016225815,-3.5420284106762883
-4.529667635079516,-3.541032573900284
-4.529672334711811,-3.541012013866462
-4.529672430999244,-3.5410120513595436
-4.529957009369092,-3.539995300999588
-4.53024171524759,-3.5389783217714643
-4.530247274447766,-3.5389580449709306
-4.530247464674942,-3.5389581290383916
-4.530247026237196,-3.538958031510366
-4.530529297562412,-3.5379623514843908
-4.5305345314426955,-3.5379419646573216
-4.530534719228807,-3.5379419430886063
-4.530822046709825,-3.5369259820769163
-4.531109052461325,-3.5359097394196075
-4.5313940340558085,-3.5348928446880916
-4.531399637450956,-3.534872579843211
-4.531399836829026,-3.5348726739797107
-4.531399759482926,-3.5348726080817503
-4.531689316810507,-3.5338572973635385
-4.531689351356503,-3.533857004180824
-4.5319739276681466,-3.5328620317280333
-4.531979211759791,-3.532841696905745
-4.532269018385174,-3.5318264424633248
-4.532274968000687,-3.5318062691079772
-4.5325619915640765,-3.5308119807301797
-4.5328568062145145,-3.5297978949989077
-4.532857150922705,-3.5297976815682994
-4.532857366456259,-3.5297977184317633
-4.532857537893285,-3.5297977513316066
-4.533146982890623,-3.5288041933453704
-4.533443844768664,-3.52779081049542
-4.533444006098606,-3.527790544116241
-4.533733578718525,-3.5267970189820073
-4.534030613189504,-3.525783678321031
-4.534030720543701,-3.525783391529682
-4.534030731449763,-3.52578336545699
-4.534030393550235,-3.5257833269790644
-4.534318054017189,-3.5247892383065387
-4.534323349993348,-3.5247689213292617
-4.534323576308189,-3.52476892741994
-4.534324046402242,-3.524769102903872
-4.534613148684348,-3.523775420304479
-4.534905244928451,-3.522760613875819
-4.535195340813766,-3.521745153509154
-4.535485117666343,-3.5207296890171853
-4.535484790074227,-3.5207292773765837
-4.53548411296941,-3.5207291285555744
-4.535764874809885,-3.519733072683241
-4.5360533400209135,-3.518717164954633
-4.536342143090957,-3.5177014384035146
-4.5363424392019045,-3.5177012086719612
-4.536342631202953,-3.5177012370931267
-4.536628279673409,-3.5167065781125046
-4.536921660484012,-3.5156920937670972
-4.537214625254613,-3.5146775748788195
-4.5375051720288475,-3.5136623489037686
-4.537794005785842,-3.512646637018714
-4.537799075209594,-3.512626237621971
-4.538081768810016,-3.5116307151217465
-4.538087318452857,-3.511610505611178
-4.538370502956122,-3.5106151138153865
-4.538661099210863,-3.5095998759932567
-4.538949692491878,-3.5085839832813797
-4.539238607497239,-3.5075682815981652
-4.5395299102958555,-3.506553256701822
-4.539823262594201,-3.5055387446780193
-4.54011656502251,-3.5045242333381927
-4.540121922401104,-3.5045039171336105
-4.540122115271452,-3.5045039365870068
-4.540406994168903,-3.503509067188064
-4.540412663449564,-3.5034888253669103
-4.540412550193542,-3.503488741082365
-4.540412775725135,-3.5034888571223033
-4.540699563173551,-3.502494489023687
-4.5407043927328585,-3.502473977758802
-4.540703852410106,-3.5024738309794117
-4.540983714282102,-3.5014774935084936
-4.540989038687939,-3.501457134975693
-4.5412694906854405,-3.5004609611219517
-4.541557322065782,-3.499444921789705
-4.5415621376353394,-3.499424379460963
-4.541561995663659,-3.4994242616769995
-4.541561864246135,-3.499424170599578
-4.541840400189858,-3.498427483738642
-4.542126578875657,-3.4974109235152695
-4.542126779295291,-3.4974106640075022
-4.542126881154071,-3.4974106644311163
-4.542127267508259,-3.49741083619249
-4.542127318503187,-3.4974108200429224
-4.542127681954113,-3.4974109803207987
-4.542127356582702,-3.4974109312650894
-4.542409790049066,-3.4964153422740814
-4.542414600911111,-3.4963948260644124
-4.5424147778995945,-3.496394891186781
-4.542414282252872,-3.4963947658795638
-4.542692681810571,-3.4953979982198833
-4.542698557087319,-3.4953777681636193
-4.542981812052463,-3.49438236620545
-4.543272397023438,-3.4933671162793276
-4.543560579425863,-3.4923511704023116
-4.5435605113301705,-3.492350806662245
-4.543560039704401,-3.4923507006926298
-4.543559616720796,-3.492350608931531
-4.5435592154747875,-3.4923505189771564
-4.543833347938148,-3.4913525716881066
-4.543837832805148,-3.4913319708939223
-4.544107742635124,-3.4903328725192697
-4.544107857172346,-3.4903325606746254
-4.544379647103974,-3.4893339947968793
-4.544654017537903,-3.488314248245177
-4.544926717585739,-3.4872940600714597
-4.54520116072234,-3.4862743287941056
-4.545473270637484,-3.485253971644537
-4.545743037551299,-3.4842329918439474
-4.5457425584994064,-3.4842325367581166
-4.54574240383187,-3.4842325518943027
-4.545742323020366,-3.4842325800168283
-4.545742022114305,-3.4842324492620618
-4.546014444689374,-3.4832124018672848
-4.546286616449024,-3.4821920909813615
-4.546556810482682,-3.4811711744968115
-4.546827056831346,-3.4801502853564243
-4.547097360116531,-3.4791294222408045
-4.547097242846058,-3.4791291110493616
-4.547096752969806,-3.479129057187533
-4.547096653869177,-3.4791290190167747
-4.547096867027316,-3.479129150120143
-4.547096778475066,-3.47912910345238
-4.547096721899317,-3.479129069782314
-4.547361728924865,-3.4781287320543064
-4.547361542292999,-3.4781283837202475
-4.547360975914471,-3.478128284061351
-4.547360476882635,-3.47812819811359
-4.547360677579603,-3.478128293632519
-4.547360199607054,-3.4781281967205375
-4.5476193116615296,-3.4771262742089313
-4.547624801030995,-3.477105938296068
-4.547624578315866,-3.4771058848393404
-4.547886503322638,-3.47610467256503
-4.548155978074661,-3.4750836103571645
-4.548161883938587,-3.4750633572409613
-4.548435629187437,-3.474043626767566
-4.54844065931195,-3.474023199172945
-4.5484405984524425,-3.474023199890477
-4.548440482937461,-3.4740231925375333
-4.548701956624881,-3.4730218800277353
-4.548701941918299,-3.473021537791966
-4.548702171310475,-3.4730216252357042
-4.548963093291582,-3.472020166030377
-4.548962892269103,-3.472019782079065
-4.548962662910165,-3.4720196727877126
-4.549226384106032,-3.470997344778146
-4.54923152172526,-3.470976951362088
-4.549231391188962,-3.470976870752344
-4.549230951819225,-3.4709768032817667
-4.5494905379570705,-3.469975020415167
-4.549496044231089,-3.4699546984359206
-4.549759791673286,-3.468953975814514
-4.550026673206928,-3.467932251896845
-4.550295610709034,-3.4669109799324396
-4.550300358784393,-3.4668904692243534
-4.550561482042175,-3.4658890753680347
-4.550561398135019,-3.465888729706061
-4.550825167905829,-3.464866407651766
-4.550829603574808,-3.4648458218022777
-4.550829852461212,-3.4648459192823338
-4.550829418265765,-3.464845838904362
-4.550829387521642,-3.464845778573325
-4.550829348698394,-3.4648457266985107
-4.55108635443056,-3.4638432820561422
-4.551091837430951,-3.4638229557258393
-4.551091646680946,-3.463822925149053
-4.551350675586697,-3.4628209958422365
-4.551612359519244,-3.461797845908255
-4.55161673042545,-3.461777236074554
-4.551616676952439,-3.461777163209054
-4.551616926596638,-3.4617772707749306
-4.551878340322492,-3.4607543401238123
-4.551882794871439,-3.4607337574523807
-4.551883107372843,-3.4607338626375452
-4.551882717869247,-3.46073379052909
-4.551882725025969,-3.460733736477755
-4.552136581983879,-3.4597304879002033
-4.552140752846309,-3.459709814940922
-4.552390525294061,-3.458705496091908
-4.552646902116806,-3.4576810790947006
-4.552651128649023,-3.457660405730509
-4.5528987900300475,-3.4566555653001947
-4.552903198465589,-3.4566349710949726
-4.552903662806384,-3.4566350845913205
-4.552903396444725,-3.4566350294486172
-4.55315549215142,-3.4556097375529777
-4.5531556249401826,-3.455609440396519
-4.553407670240285,-3.454584163162914
-4.553660099199008,-3.4535587963468783
-4.553665407800674,-3.4535384209267392
-4.5539170850341115,-3.4525345685030127
-4.554171617392886,-3.4515097091540037
-4.554176849013542,-3.451489307285795
-4.5544306066489675,-3.4504858515316763
-4.55468658422842,-3.449461334773649
-4.554940865605868,-3.4484363993962517
-4.554940878125221,-3.448436069059948
-4.555192113560358,-3.447432157218193
-4.555196222582379,-3.447411474670586
-4.555447552121099,-3.4463860028403497
-4.555451679830558,-3.446365329052074
-4.555451232781204,-3.4463652391015414
-4.555693107034397,-3.445359035820779
-4.555937650351425,-3.4443317425047786
-4.556183934732283,-3.443304845675505
-4.556427860844,-3.4422773854005766
-4.5566701051881076,-3.441249546070251
-4.55691480457452,-3.4402222847751447
-4.556919817489336,-3.440201830872534
-4.556919913797885,-3.440201790454803
-4.557169080658814,-3.4391758117026368
-4.557173395015464,-3.43915520239458
-4.557173477255362,-3.439155171410178
-4.557420165943259,-3.4381286042541235
-4.557425135832252,-3.4381081621190597
-4.5576742290209165,-3.4370821643383875
-4.557678495410831,-3.437061552175907
-4.557925182758727,-3.436034972206434
-4.558171539546966,-3.435008132169089
-4.558415504600238,-3.433980707681729
-4.5584199818087905,-3.433960150309467
-4.558659465543276,-3.4329533502635172
-4.558901644794438,-3.4319255103808297
-4.558906341657088,-3.4319049799106742
-4.559148151931699,-3.4308987312213874
-4.559391983682177,-3.429871252134822
-4.559634152846505,-3.428843391119596
-4.559878107804469,-3.4278159386781257
-4.559882611510702,-3.427795372427666
-4.559881973181032,-3.4277952272456758
-4.5598817737022825,-3.4277951195623815
-4.559881909268068,-3.427795190147212
-4.55988206227195,-3.427795257953031
-4.5598822478014505,-3.4277953278116473
-4.560131224092032,-3.4267692828600724
-4.560380298728148,-3.425742998511995
-4.560629386396149,-3.424716729440877
-4.560878119064649,-3.423690463490699
-4.560882089769034,-3.4236697670291
-4.561121486695473,-3.422662968757825
-4.561363173581096,-3.421634928990214
-4.56136291510533,-3.4216345617124415
-4.5613623167917385,-3.4216344722650103
-4.561601936162861,-3.4206062343558097
-4.561841273829068,-3.419577736949502
-4.561845690469702,-3.419557174441091
-4.561845399222164,-3.4195570605288217
-4.562080437615901,-3.418549251524659
-4.56208010279802,-3.4185488658908243
-4.562313397639509,-3.4175406617989004
-4.562553460156959,-3.416512246228499
-4.562557461807156,-3.4164915746220257
-4.562557473155405,-3.416491532463855
-4.562557776380559,-3.4164916566227914
-4.562558063378764,-3.4164917679152116
-4.562800046779093,-3.4154640684464423
-4.5628001086358045,-3.4154637747092935
-4.563038112620769,-3.414456648769516
-4.5630383994780805,-3.4144564125201344
-4.563278974898801,-3.413449890737655
-4.563284282239031,-3.413429509091723
-4.563533904543025,-3.412403629528914
-4.563783543165824,-3.411377496840655
-4.563783814220321,-3.4113772642707327
-4.564033294362497,-3.4103513883065357
-4.564033488128123,-3.4103511537304114
-4.564033592793909,-3.410351173225405
-4.564278801252789,-3.4093458132734136
-4.564284125938953,-3.4093254562752824
-4.564534228520808,-3.408321263203694
-4.564791661369288,-3.407297129007109
-4.564797379484232,-3.407276835388017
-4.565054621878864,-3.406274416195983
-4.565318950152266,-3.4052519522265703
-4.565324725482072,-3.405231674832101
-4.565591197135561,-3.404210041668166
-4.565596846024048,-3.4041897454576415
-4.565597388385005,-3.404189913886432
-4.565862867646609,-3.403189657042163
-4.566131499024971,-3.402168396918799
-4.5661317150446195,-3.4021681200072296
-4.566131847183068,-3.40216811122242
-4.566131604832442,-3.402168098388797
-4.5661313662826695,-3.402168076886662
-4.566131773993352,-3.4021682154919155
-4.566395515162276,-3.401167502006082
-4.566666888272889,-3.400146954536048
-4.566672042548128,-3.400126548904916
-4.566672432532142,-3.4001265810450527
-4.566937780855754,-3.399126311972345
-4.5669424293756995,-3.399105764084654
-4.567208071688881,-3.3980839000897274
-4.567473391732727,-3.3970617734429287
-4.5677366927738765,-3.39603904514449
-4.567736584065122,-3.396038708034755
-4.56799987411079,-3.3950162818005456
-4.568263583213303,-3.3939937796253434
-4.568529700714457,-3.3929718844689436
-4.568797512853714,-3.3919504322104514
-4.5690632619171545,-3.390928354605711
-4.569067880277749,-3.3909078319358836
-4.569068238642319,-3.390907966859489
-4.569329121861883,-3.3899065148681005
-4.569596868313762,-3.388885031956664
-4.5695969511249475,-3.3888847271973708
-4.569862566402073,-3.387862888800179
-4.570128248470611,-3.386840801987611
-4.570393568727796,-3.385818706183069
-4.570657193144471,-3.384796171682133
-4.570922905165359,-3.3837740890152572
-4.571188946535963,-3.3827521832636815
-4.571456684754548,-3.3817307162566017
-4.571722020324356,-3.3807086117808898
-4.5719856305417395,-3.37968606455285
-4.5719909492654525,-3.379665703279987
-4.571991259025852,-3.379665817005074
-4.572256883667698,-3.3786656062388025
-4.57253016870415,-3.3776455760410795
-4.572805488876024,-3.3766260103821466
-4.573080739187049,-3.3756064431014443
-4.573081084752228,-3.375606234301353
-4.573350649898446,-3.3746071098162256
-4.573623417534755,-3.3735869773374167
-4.573897870007657,-3.3725672792817574
-4.574169939411927,-3.3715469348520823
-4.574440301422248,-3.370526145027624
-4.574440348004347,-3.3705258401008824
-4.574708123311406,-3.3695262037781095
-4.574983561969138,-3.3685067729061395
-4.575261359664741,-3.3674879651755907
-4.575541158030096,-3.366469632205631
-4.575541667348405,-3.366469465943391
-4.5755416757465985,-3.366469536690546
-4.575813459305856,-3.365471015638197
-4.576088465409258,-3.3644514692666987
-4.576088728898561,-3.3644512196982483
-4.576360982084833,-3.363452776632998
-4.5763614096562915,-3.363452582861684
-4.576361367358734,-3.363452624875721
-4.576361942075806,-3.3634528212935737
-4.576362427277548,-3.363452988152144
-4.576362218919522,-3.363452960432184
-4.576362025998303,-3.3634529312193777
-4.576361808976835,-3.363452890661195
-4.576361572442912,-3.363452841228739
-4.576634322337322,-3.3624328534781522
-4.576639850731711,-3.3624125397289335
-4.57663988790297,-3.362412482914827
-4.5769150038577315,-3.3613931532349604
-4.577190511964222,-3.3603737398331797
-4.5771955173456815,-3.36035331442425
-4.577195398440896,-3.3603533083495307
-4.577195580257734,-3.3603533059380406
-4.577196022271113,-3.3603534627180927
-4.5774662108572315,-3.359354476366779
-4.577472078121133,-3.35933424386379
-4.577746400763507,-3.3583363056072573
-4.577751963092133,-3.3583159932857662
-4.577751582596648,-3.358315887720223
-4.578024322378556,-3.357317567178454
-4.57802933506824,-3.357297130427657
-4.578301497408934,-3.356298653145968
-4.578306950900639,-3.356278330945954
-4.578307175201556,-3.3562783889923438
-4.578307114126861,-3.3562782957925794
-4.578581154003655,-3.3552803389277086
-4.5785857299746,-3.355259750129156
-4.578585201058626,-3.3552596024552943
-4.5788530532476415,-3.3542599582178148
-4.5788586538394345,-3.3542396457890726
-4.57885837888085,-3.3542395659987365
-4.578858477431727,-3.354239517671964
-4.579133852745773,-3.353220244065333
-4.579408915757885,-3.352200696467331
-4.579682292161104,-3.3511806960450654
-4.579687069412076,-3.351160200643843
-4.579954598856748,-3.350160493728758
-4.580225304135196,-3.349139780340774
-4.580225429260144,-3.3491394785872712
-4.580492691518172,-3.348139712656503
-4.580762819681416,-3.3471187725210996
-4.580762734842673,-3.3471184376314684
-4.580762914433788,-3.3471185447398963
-4.5807631008585075,-3.3471186476001153
-4.580763010993927,-3.3471185814749975
-4.580763262001302,-3.3471186992747537
-4.581035294347436,-3.3461202016490876
-4.581041004400598,-3.3460999548631785
-4.581041162166483,-3.3460999322211697
-4.581040951975804,-3.346099910250123
-4.581315773900655,-3.345102154299484
-4.58131616097193,-3.345101931864881
-4.581592637299075,-3.3441046729466897
-4.581598242045128,-3.3440843884143434
-4.581874422475462,-3.3430869400808603
-4.58215403430742,-3.342068626898125
-4.582435356103883,-3.341050767724754
-4.582440777299304,-3.341030424191866
-4.582440904032749,-3.3410304750812343
-4.582440418890359,-3.341030353192448
-4.582717376775935,-3.3400331885908674
-4.58300186466892,-3.33901613550709
-4.58300769992398,-3.3389959014643593
-4.58329447418398,-3.337979771176859
-4.5832946376851105,-3.33797949857899
-4.583295014247914,-3.337979653400161
-4.583295058345706,-3.3379796270364817
-4.583295414288842,-3.337979779852894
-4.583295440593559,-3.3379797468424424
-4.583581516032118,-3.3369851837271316
-4.583587620044785,-3.336965049655219
-4.583588128758932,-3.336965214991486
-4.583880332312703,-3.3359723085760185
-4.58388618446169,-3.335952092345525
-4.583886402111667,-3.335952164431841
-4.584181323612404,-3.3349601651579364
-4.584484486553476,-3.3339485955779007
-4.584789996383593,-3.3329377224337233
-4.585097809729092,-3.3319275509264212
-4.585407580196837,-3.330917913182374
-4.585716876603661,-3.329908236949668
-4.58572320208538,-3.3298881693372597
-4.58572299595867,-3.3298881319619165
-4.58572280450683,-3.329888104737462
-4.586022620561384,-3.328897566304304
-4.586330018346882,-3.327887290106786
-4.586330163439475,-3.327886990649761
-4.5863298583129115,-3.3278869307088583
-4.586330216634695,-3.3278870708530497
-4.586330528649872,-3.327887192742514
-4.586637923732011,-3.326877113454536
-4.586945408793238,-3.3258667935437027
-4.587252523687207,-3.3248564486279593
-4.587257741968549,-3.3248360507435337
-4.587554375015025,-3.3238445742376097
-4.587854854218243,-3.3228322383625253
-4.587854843445341,-3.322831903296871
-4.5881521062379,-3.321840618173336
-4.588456975382581,-3.3208295937006405
-4.5884630135209665,-3.3208094427183292
-4.588462958038403,-3.3208093644881735
-4.58846292710756,-3.3208093139880823
-4.58846255590236,-3.320809248664311
-4.588462557694719,-3.3208092071589475
-4.588760291025817,-3.319818086453099
-4.589065661384373,-3.318807214467116
-4.589065729902671,-3.3188069080614238
-4.589065362584821,-3.318806839920243
-4.589361226557835,-3.31781514787062
-4.589366665699332,-3.3177948651656406
-4.589662005726839,-3.3168029998935613
-4.589667929976537,-3.3167830214579936
-4.589968974832663,-3.315771018071131
-4.589969000602886,-3.3157706981477655
-4.5899686151205685,-3.3157706216654868
-4.590262339017958,-3.3147782917723756
-4.590564293215777,-3.31376638116839
-4.59056474817716,-3.31376618427196
-4.590863269714922,-3.312775276488865
-4.591170061794107,-3.3117648238941233
-4.591176088891866,-3.311744695001799
-4.59117660558961,-3.311744788918568
-4.591476565282796,-3.3107543449036254
-4.59147674191255,-3.310754074364294
-4.5917748099068385,-3.3097630355392864
-4.591775159728759,-3.3097628218009616
-4.592075742783861,-3.3087725392752705
-4.592383943791432,-3.3077625323527755
-4.592690423015978,-3.3067519807080674
-4.592696905414411,-3.306731942829111
-4.593001420123756,-3.305742717377613
-4.593309583051249,-3.3047325986653826
-4.593618047782653,-3.3037226614554744
-4.593623723094754,-3.303702414365637
-4.593926444427855,-3.302712735976841
-4.594237125100018,-3.301703391489294
-4.594547751945108,-3.3006940385697274
-4.5948586330697525,-3.2996848551472455
-4.5948645566110295,-3.2996647054555788
-4.594865207976003,-3.299664934895775
-4.595171380988334,-3.2986762115927504
-4.595171456444385,-3.29867590785826
-4.59517109594853,-3.298675833742442
-4.595472569157681,-3.297685831279762
-4.595777647008288,-3.2966747794660054
-4.596082753028611,-3.2956637441178978
-4.596388213566308,-3.294652914319634
-4.59639441581284,-3.2946328344735827
-4.596698063251027,-3.2936432411776577
-4.597005024057209,-3.2926328416478516
-4.597310318152645,-3.291621940095083
-4.597310318156196,-3.2916216112547048
-4.597310269680998,-3.2916215596727505
-4.597612253542716,-3.290631717423605
-4.597921935998619,-3.289622165928456
-4.598229937082377,-3.2886120860166987
-4.598236307593023,-3.288592031328141
-4.598542374671793,-3.2876032432849747
-4.598852147568705,-3.2865936195001364
-4.599162239144354,-3.285584184192939
-4.599474703466596,-3.2845754744795896
-4.599789515412742,-3.283567490225771
-4.6001059605478165,-3.282560029508302
-4.600419988515474,-3.281551805477451
-4.600420012350836,-3.281551487292846
-4.600726437265656,-3.280563006726151
-4.601040663837962,-3.2795548581535985
-4.6013528874799245,-3.278545993675639
-4.601358366826208,-3.2785256915520105
-4.601358018561359,-3.278525617876736
-4.601665638716341,-3.277515623747254
-4.601973323348825,-3.2765053780349045
-4.602281328044633,-3.275495320964348
-4.602591380352437,-3.274485803697711
-4.6025977532177,-3.2744657782221407
-4.6029045397549755,-3.2734774140222034
-4.603219154232916,-3.272469392634025
-4.603225510379669,-3.2724493383889843
-4.603540361600861,-3.2714415631926657
-4.603540487154904,-3.2714412879678645
-4.60384903414463,-3.2704534753590644
-4.604161667496637,-3.269444839557169
-4.604475994409726,-3.2684367086767017
-4.604482110878165,-3.268416590352877
-4.604482252420597,-3.268416663434743
-4.604793493107656,-3.2674296908408853
-4.604800040194869,-3.267409683304641
-4.604800160146445,-3.267409648388777
-4.605122013648938,-3.266404093396397
-4.60544356240758,-3.265398248965027
-4.605763112887856,-3.2643916830434883
-4.605763077780545,-3.2643913630284085
-4.606076920298744,-3.2634052350848215
-4.6063991276164575,-3.2623995365054776
-4.606721323146697,-3.2613938371022804
-4.60672788830301,-3.2613738839703204
-4.607052325574208,-3.260369180078398
-4.607058907367483,-3.2603492287312514
-4.607058952601871,-3.2603492070755604
-4.607059002080363,-3.260349201982581
-4.607059340365533,-3.260349378287598
-4.60738825791791,-3.2593461333688376
-4.607394897222319,-3.259326196345698
-4.607394909762403,-3.2593261579356247
-4.607719571272488,-3.258343522429666
-4.608048685643472,-3.2573401408981324
-4.608054631110467,-3.2573199676836166
-4.6083833618549495,-3.256316633337374
-4.608383476573263,-3.2563163549099876
-4.608383799065899,-3.256316514450899
-4.608707989376183,-3.255333543453077
-4.608707878138391,-3.2553331864772677
-4.6090304454742395,-3.254350044003301
-4.609361192924262,-3.253347219251461
-4.609689948015663,-3.252343638737399
-4.610018324942198,-3.251340022790286
-4.610018200071487,-3.2513396793381495
-4.610018018718049,-3.251339605753095
-4.61034439407943,-3.250335552351336
-4.610350056989502,-3.2503153353712353
-4.610667648241347,-3.2493303929334267
-4.610989517403446,-3.2483246715569445
-4.611313459314316,-3.247319515414811
-4.611319219804132,-3.2472992907502283
-4.611640743980082,-3.246293639057884
-4.611647182168197,-3.2462736440243876
-4.611971062391839,-3.2452687470210164
-4.612295358781733,-3.244263801309664
-4.612622001627425,-3.2432596019173188
-4.612950291234955,-3.242255945115346
-4.612956956355391,-3.2422360005602275
-4.612957024738557,-3.2422359701964347
-4.612956749614553,-3.242235928781205
-4.613276577718984,-3.241251704915849
-4.613282914562231,-3.241231756105541
-4.613602505341008,-3.240247305776943
-4.613926484910941,-3.239242230997492
-4.613926491084813,-3.239241889177191
-4.61425249586174,-3.238237675306798
-4.6142582804137176,-3.2382174526034024
-4.614575464111048,-3.237232362854538
-4.614896236230423,-3.2362262585947454
-4.615214695651379,-3.2352194057168617
-4.615220522614047,-3.23519923255158
-4.615220074396097,-3.2351990264953
-4.61521938702107,-3.235198840128403
-4.615218792651191,-3.235198679128673
-4.615218254720303,-3.2351985321258345
-4.615525493774655,-3.234210279861914
-4.615531033120383,-3.2341900064199374
-4.615844039525261,-3.2331816346477327
-4.616157406915636,-3.2321731970739984
-4.6164727955361355,-3.2311653083458314
-4.616473095306928,-3.231165084757653
-4.616473568575308,-3.2311652861836935
-4.616790898751395,-3.230158311607067
-4.616791093126167,-3.2301580684590627
-4.616790839038259,-3.2301580501538893
-4.616791239405968,-3.230158228578147
-4.617102129264601,-3.2291711444667053
-4.617108292654037,-3.229151043882197
-4.617425341380601,-3.2281439501512676
-4.617431599395836,-3.2281238735375175
-4.617744692681949,-3.227137306758133
-4.618061699794265,-3.2261299304997673
-4.618067101221997,-3.226109576522371
-4.618066932847053,-3.2261094683532536
-4.618067079009694,-3.226109565159448
-4.618378329916214,-3.2251225930357075
-4.6183848521075275,-3.2251025936509308
-4.618706708914215,-3.224097022228016
-4.618712538600319,-3.2240768124730184
-4.61902561210273,-3.223090401619566
-4.619031830336706,-3.2230703107675347
-4.619031336274437,-3.223070157281957
-4.6190309140675785,-3.2230700375507184
-4.619340359305812,-3.2220824676180007
-4.619658361667557,-3.22107546602998
-4.619978704275573,-3.220069196372657
-4.620301342984378,-3.21906366307101
-4.620308407261464,-3.2190438139233692
-4.620628648950628,-3.2180593842077942
-4.620634620295465,-3.2180392099113058
-4.6206347826459355,-3.2180391828934827
-4.620634894641795,-3.2180391635333483
-4.620634984117788,-3.218039148241364
-4.620635055698523,-3.218039136006648
-4.6206354159032665,-3.2180393057392833
-4.620635093429077,-3.218039244570297
-4.620635155760464,-3.218039217765691
-4.620956712045705,-3.2170335809410187
-4.6209624610449564,-3.217013357834831
-4.620962508377281,-3.2170133251520703
-4.620962528405721,-3.2170133013669497
-4.620962193464838,-3.217013250879516
-4.621272850946535,-3.216026109120603
-4.621586954215872,-3.2150179078905046
-4.621586662334508,-3.2150174888009597
-4.621586350289924,-3.215017355350606
-4.621585752701756,-3.2150172195871565
-4.6215858820202795,-3.2150173100173673
-4.6218926295591505,-3.21402893610923
-4.621899048894917,-3.2140088995653526
-4.622210739641316,-3.2130220352782466
-4.622216659270589,-3.213001871805951
-4.622217254278342,-3.213002057897389
-4.622217452487032,-3.21300205169926
-4.622530584616701,-3.2120156680084064
-4.62253687944288,-3.2119955936792324
-4.622849760703591,-3.2110089191604447
-4.622855129522238,-3.2109885332397305
-4.622854583008398,-3.2109883560056613
-4.623160595500995,-3.2099997185034868
-4.623166457784865,-3.2099796345115283
-4.623478571857708,-3.208970979063754
-4.623791162116135,-3.207962300679472
-4.623796744351674,-3.2079419976758023
-4.62379709821452,-3.2079421187399
-4.624105155362159,-3.206954033339389
-4.624105040101136,-3.2069536560652203
-4.624410581577007,-3.205964882158353
-4.624416443053079,-3.20594468813096
-4.624721850921597,-3.20495563280704
-4.624727616174546,-3.2049354025438355
-4.625032949833768,-3.20394635993168
-4.625032519814258,-3.2039458824354394
-4.625341664379548,-3.202936340419942
-4.625347534931569,-3.202916156527508
-4.625347546610634,-3.202916189877494
-4.625346972177164,-3.202916032316906
-4.625347135445227,-3.202916110306103
-4.625655594496633,-3.2019282436105505
-4.625662048937737,-3.2019082086785393
-4.62566215374048,-3.2019081620750756
-4.625661901640271,-3.2019081080027068
-4.625662001209408,-3.201908078780399
-4.625661715785236,-3.2019080211226214
-4.625976381019298,-3.2009001894685096
-4.626290727158696,-3.199892066055516
-4.626602721876921,-3.1988832017373547
-4.626912738653569,-3.1978736554531366
-4.627222445280832,-3.1968641012469616
-4.6275305336975645,-3.1958540666866297
-4.627530460583089,-3.1958537278340544
-4.627840624919527,-3.1948445300299206
-4.627846758502139,-3.1948244469035667
-4.628153823451612,-3.1938361688817305
-4.6281603117379095,-3.193816165822809
-4.62816010599232,-3.193816125613761
-4.628160560822177,-3.193816295411356
-4.6281603014310235,-3.1938162373448784
-4.628475706282367,-3.1928086289822337
-4.62879115500163,-3.1918007661119354
-4.629106223553726,-3.1907928742157807
-4.6291116015791225,-3.190772530186624
-4.629416051334808,-3.189783417933126
-4.629415808107545,-3.1897830189149015
-4.629717716540748,-3.1887931411463803
-4.629717359867653,-3.188792713097586
-4.629716997735266,-3.188792565805738
-4.630022655908516,-3.187781994030073
-4.6300285601756155,-3.187761838318973
-4.630331278777499,-3.1867722258563664
-4.6303314356248455,-3.186771958826367
-4.630331170027847,-3.186771923866822
-4.630633678698683,-3.1857822472601196
-4.6306335943878585,-3.185781899837902
-4.630633751697628,-3.185781993297754
-4.630633919836978,-3.185782086326027
-4.630633817710588,-3.1857820041280864
-4.630944255363814,-3.1847728761652307
-4.630949697495384,-3.184752557059774
-4.630949678760363,-3.184752501572971
-4.631252378050153,-3.1837628740994717
-4.6315627834106365,-3.1827535393024475
-4.63187151562937,-3.1817436776480696
-4.632182585943313,-3.1807345297003526
-4.632189171695058,-3.180714542695293
-4.6321894547982,-3.180714571135758
-4.632498439992388,-3.1797268967768546
-4.632498495708925,-3.179726591090296
-4.632804869130282,-3.1787380896494497
-4.632810855365012,-3.1787179374189973
-4.63281028620369,-3.178717772403153
-4.632809803894723,-3.1787176438208378
-4.633112639885957,-3.177728036952805
-4.633112841606656,-3.1777277591050184
-4.633112609816171,-3.177727715604192
-4.633112723349703,-3.1777276948973956
-4.633415202482298,-3.176738005275489
-4.63372131147355,-3.1757272672181895
-4.634027070283351,-3.174716503610552
-4.634032098652174,-3.174696048415577
-4.634031862006306,-3.1746959228606246
-4.634031955472679,-3.174696003413401
-4.6343294718719275,-3.1737047980503887
-4.634329203320544,-3.1737043925400914
-4.634630295264774,-3.1726924347087904
-4.634931156125459,-3.171680213582012
-4.6349308498942685,-3.171679809226691
-4.635224506532611,-3.1706874880695937
-4.6352297073783175,-3.170667126192235
-4.635229383164061,-3.1706670553580962
-4.6355264467525545,-3.169653900533814
-4.635823567961769,-3.1686404934988626
-4.6361203252322785,-3.1676270662019155
-4.636126035868972,-3.1676069251595713
-4.636417191780811,-3.1666138235939423
-4.636712117884401,-3.1655998597212136
-4.637009145340551,-3.1645864123211593
-4.637306523106487,-3.16357316454948
-4.637606276897443,-3.1625606098687378
-4.637611927664707,-3.162540358895302
-4.637905237772991,-3.161547917521391
-4.637911198443178,-3.161527744399045
-4.637910836072892,-3.1615276489265542
-4.638207667929939,-3.1605144151167877
-4.638207746258979,-3.1605141136603385
-4.638208050443306,-3.160514248299898
-4.638208038565348,-3.1605142025464747
-4.638501031497,-3.1595216702873983
-4.638506772595182,-3.159501444243479
-4.638506225185308,-3.1595012943238854
-4.638506103028181,-3.1595012019562203
-4.638802799756726,-3.1584879444460485
-4.638808665901648,-3.158467752883056
-4.638808582630592,-3.1584676759903334
-4.639107741692025,-3.157455153778881
-4.6391077743653675,-3.1574548606985826
-4.639108044922109,-3.157455002606658
-4.639108303726657,-3.1574551346177238
-4.639406536732317,-3.156464153757006
-4.639412140458994,-3.156443889495153
-4.639412351575838,-3.1564438889007747
-4.639412502749223,-3.15644389101138
-4.639710083753391,-3.1554527287582372
-4.640011518367501,-3.1544406772152787
-4.6400176429258115,-3.1544205570635935
-4.640323426727383,-3.1534099884818754
-4.6403296162851175,-3.153389890047423
-4.64063237480754,-3.152400261848108
-4.640943229629018,-3.151390971727061
-4.641254367884875,-3.150381851782536
-4.64125483524733,-3.1503816751009186
-4.641255457908941,-3.15038191529796
-4.641565036392665,-3.1493943982097323
-4.641882387668013,-3.1483872270493323
-4.6421976932816005,-3.1473793165070436
-4.642512587431329,-3.1463713724506404
-4.642825113017581,-3.145362683587246
-4.643135960630948,-3.1443534866311906
-4.64344853051978,-3.1433448085607285
-4.6434545409507555,-3.1433246612314223
-4.643454625410204,-3.1433247195171123
-4.643454753532071,-3.1433247959751034
-4.643772073287659,-3.142317794316017
-4.644089514284093,-3.141310561088398
-4.644407289864921,-3.1403035262018064
-4.644413787487788,-3.140283540672166
-4.644413557606984,-3.1402834975564224
-4.644413989540164,-3.140283668892697
-4.644413714805535,-3.1402836085045203
-4.644728073768887,-3.1392975720755505
-4.6447284399919155,-3.1392973501196075
-4.644728337233994,-3.1392973489743623
-4.644728862043797,-3.139297541037931
-4.645051235042835,-3.138292144035399
-4.645373307240614,-3.137286458867727
-4.645379648627051,-3.1372664056778015
-4.645696292730671,-3.1362811376482003
-4.645696531107126,-3.136280881440792
-4.646015011285799,-3.135296210291502
-4.646014991348977,-3.135295877702232
-4.6463309002272055,-3.134310374886275
-4.646650765695637,-3.133303911406114
-4.646970989384873,-3.1322976541957788
-4.6472929348397045,-3.131291933503723
-4.647298467433574,-3.1312716162155083
-4.64729863348517,-3.131271700878634
-4.64761268011096,-3.130285609398436
-4.647618525744263,-3.130265404062768
-4.647932106455294,-3.129279147283616
-4.648249165889014,-3.128271849100745
-4.648564561038012,-3.1272640350450245
-4.648882036388784,-3.1262567935385057
-4.649199850444345,-3.12524975874049
-4.649205714020473,-3.125229558336969
-4.649516763336067,-3.1242425180587095
-4.649831580065543,-3.12323445545665
-4.6498370904786865,-3.1232141371690756
-4.650143230179429,-3.122225557946356
-4.650148467337374,-3.1222051417756904
-4.650455902753518,-3.1211950678486904
-4.650461886907541,-3.1211749139914096
-4.650461381995978,-3.1211747740214
-4.650460951280358,-3.1211746653733266
-4.6504605443142655,-3.121174560518666
-4.650758734936182,-3.1201835367638715
-4.651064931863665,-3.119172809244378
-4.651070432623785,-3.119152506901914
-4.651070888504278,-3.119152658892904
-4.651071273393755,-3.119152799345189
-4.651071642995633,-3.119152932203994
-4.651375518329934,-3.11816352078363
-4.651682719646018,-3.1171531676301085
-4.651688517599521,-3.1171329317682472
-4.651688518465641,-3.117132942805436
-4.651688284448195,-3.1171328010951145
-4.651998145196273,-3.1161234808835183
-4.652003495214269,-3.116103119788196
-4.652003068055806,-3.1161030052958636
-4.652002659423204,-3.11610290441143
-4.652002269863862,-3.1161028058231888
-4.652297375461578,-3.1151108731843378
-4.652302370074113,-3.1150903821093268
-4.6523018348631515,-3.1150902186561042
-4.652590733412407,-3.1140964456242166
-4.652887097267768,-3.113082861588358
-4.65318147040905,-3.1120686173601495
-4.653475848046725,-3.1110543950058087
-4.65348166266358,-3.111034191362909
-4.653481235729608,-3.111034093355163
-4.6537700159288695,-3.110040302253686
-4.654062070969426,-3.109025411096813
-4.654353798739672,-3.10801050503408
-4.654643209066931,-3.106994931056228
-4.65493031024668,-3.10597869857654
-4.654929765592361,-3.1059782233490525
-4.65492925654032,-3.105978047545856
-4.6552095933513975,-3.1049818931474773
-4.655498000258056,-3.1039660642857334
-4.655503950047699,-3.1039458843808916
-4.655790905261371,-3.102951571222369
-4.656080805950674,-3.1019361390365225
-4.656369025783534,-3.1009202312332276
-4.656659340935668,-3.0999048367145363
-4.6566593863350025,-3.0999045350035916
-4.656944599553486,-3.0989097451567797
-4.6572375791818565,-3.09789514125571
-4.657530535627362,-3.0968805346604795
-4.657535788525475,-3.096860195295684
-4.6575359261168465,-3.0968602016562596
-4.657536319346105,-3.096860378242554
-4.657536677554466,-3.0968605341451942
-4.6575367267347145,-3.096860508563439
-4.657825515836353,-3.0958667483607036
-4.657830471613214,-3.0958462820470034
-4.657830000993031,-3.0958461618521422
-4.657829557331202,-3.0958460576492772
-4.657829797730307,-3.095846149765429
-4.657829711744247,-3.0958460617150023
-4.658112337319992,-3.094850509245872
-4.658402646896047,-3.093835114847784
-4.658402880249243,-3.093834860434878
-4.658403313734979,-3.0938350317867083
-4.658695629127199,-3.092820508834557
-4.658988015820071,-3.0918057351638604
-4.658993204816603,-3.091785363292979
-4.658993281269493,-3.091785347386803
-4.659277343475079,-3.0907902405566157
-4.65928219383581,-3.0907697520211057
-4.659282368064304,-3.0907698311100935
-4.659563649528371,-3.0897738733290128
-4.659848499632323,-3.0887570203920687
-4.660135763547437,-3.087740831753813
-4.6604254299479955,-3.086725323168807
-4.660716766450609,-3.0857103017090974
-4.661006047298994,-3.0846946123009875
-4.661294932826058,-3.0836789051367517
-4.661300531725721,-3.0836586309015646
-4.661300385692791,-3.0836585365835414
-4.661589628822692,-3.0826431372473464
-4.661879287201831,-3.081627667689692
-4.661879497032744,-3.0816274173713545
-4.661879619850353,-3.081627429126034
-4.662165402342489,-3.0806328229618143
-4.66216533641098,-3.0806325030320973
-4.66216551286151,-3.0806326143685476
-4.6624516643628615,-3.07963808609969
-4.662745893418324,-3.0786239141469802
-4.662752082953147,-3.07860380858376
-4.662752353790582,-3.0786038287394195
-4.662752888046668,-3.0786040259043483
-4.6627530590686845,-3.0786040294085835
-4.663048496753554,-3.0776121816757533
-4.663048916143842,-3.0776119868627747
-4.663048858308522,-3.0776120157350983
-4.66334978323496,-3.076600007654706
-4.6636503503550175,-3.0755877030737397
-4.6636503805780345,-3.075587395045704
-4.663943623409295,-3.0745949413136944
-4.66424478657575,-3.073582735116463
-4.6642450228114205,-3.0735825010008004
-4.664245451228237,-3.0735826903345815
-4.664548610478878,-3.0725713663822987
-4.6648518436776065,-3.0715597900496383
-4.664851986058296,-3.0715595418459443
-4.664852037893604,-3.071559550398244
-4.664852380385986,-3.071559733303006
-4.664852698014097,-3.071559894605138
-4.664852714614162,-3.0715598701098443
-4.664852742067048,-3.0715598547095326
-4.6648527640810995,-3.071559842393158
-4.664852781694885,-3.071559832534796
-4.665154032875242,-3.070569794015962
-4.66545854609513,-3.069558673786954
-4.665761418103267,-3.068547059948217
-4.6657673831040505,-3.068526908123588
-4.666069316758328,-3.0675370314507786
-4.666378987909501,-3.0665274610375266
-4.666686984748741,-3.0655173687374244
-4.666693326252948,-3.0654973017220084
-4.66699939544676,-3.0645084634778894
-4.667308817918853,-3.0634988017235982
-4.667616566853599,-3.062488632552665
-4.667622002175102,-3.062468285490904
-4.667924087483785,-3.0614784062900964
-4.667930501505127,-3.0614583524307064
-4.668242865984802,-3.0604497834293225
-4.668248552734519,-3.060429523499516
-4.668558498723935,-3.0594202189266992
-4.66886811292526,-3.05841063352562
-4.668874168009851,-3.058390492140332
-4.6691778774944686,-3.057401131653412
-4.6694852988635525,-3.0563907876237644
-4.6697924045149435,-3.055380428336692
-4.669798128383365,-3.055360218648713
-4.6701056574665545,-3.0543501843722947
-4.670412988501285,-3.053339902075041
-4.670418709324024,-3.0533197701492476
-4.6707210365371035,-3.052330030382157
-4.6707272142627145,-3.052309922248089
-4.670727185644611,-3.0523098456990287
-4.671040075188425,-3.051301469889419
-4.671045571033702,-3.0512811774382604
-4.67135065385723,-3.050292254168736
-4.671356339585166,-3.0502720290168477
-4.671661636358055,-3.0492831436618983
-4.6716620935943025,-3.0492829491239157
-4.671662714611541,-3.049283168416949
-4.671662603355143,-3.0492831671043152
-4.671970257694867,-3.048295028391094
-4.671970728175055,-3.0482948381226898
-4.672280030536138,-3.0473072563528505
-4.672280157378691,-3.0473069669749915
-4.672280481920735,-3.047307105909274
-4.6722804867913155,-3.0473070597183427
-4.672280504728238,-3.047307027219694
-4.672280823703142,-3.047307179087455
-4.672598036450124,-3.0463001608645106
-4.672604407740295,-3.0462801311099996
-4.672917609847132,-3.0452935003236656
-4.672923783435006,-3.045273400740031
-4.672923245508419,-3.0452732384185226
-4.67292278812366,-3.0452731117231218
-4.67323168596532,-3.044285381010445
-4.673544703879205,-3.043276832227468
-4.673550973043323,-3.0432567340924064
-4.673868387926456,-3.042249743483581
-4.673868451330755,-3.04224943317102
-4.674185890934079,-3.0412424859522735
-4.674503048410242,-3.0402352596224818
-4.674509173648876,-3.0402151574601706
-4.6748203101186165,-3.039228106477689
-4.674820037100816,-3.039227698055602
-4.675128728303341,-3.0382399105549345
-4.675134550189184,-3.0382198497570885
-4.675443145572527,-3.03723196326424
-4.675442712703823,-3.0372314964858242
-4.675755192276805,-3.036222992590214
-4.675754930983626,-3.0362226003082124
-4.6760612987940195,-3.035234109833168
-4.676371777236388,-3.034224816504552
-4.676377153626207,-3.0342044600230245
-4.676377368701374,-3.034204555075895
-4.676377561080825,-3.0342046492994292
-4.67669207057636,-3.033196767155951
-4.677006325906533,-3.0321886119459447
-4.677012363582376,-3.0321684707191436
-4.6773269752406295,-3.031160616751086
-4.677641361214134,-3.030152506186307
-4.677953435634783,-3.0291436676355006
-4.677958487046102,-3.0291231917248274
-4.677958123910572,-3.0291230234664845
-4.6782659286421975,-3.0281130923878186
-4.678271860312018,-3.0280929390489364
-4.678582159413589,-3.0270837616126762
-4.678892911972354,-3.026074546112669
-4.678899259542801,-3.026054499243723
-4.67889897765959,-3.02605444057848
-4.679205703327162,-3.0250660593796015
-4.6792117757732035,-3.0250460366971588
-4.679518257198764,-3.0240574839597993
-4.679518012100914,-3.0240570696234634
-4.679517738400891,-3.0240569330051006
-4.679517172742052,-3.0240567966696585
-4.679516675656287,-3.0240566756000935
-4.67981664612998,-3.023066203180402
-4.679816400110973,-3.0230657965670185
-4.6801145860862166,-3.0220748001575384
-4.68042047825525,-3.02106407514174
-4.6804256343769985,-3.0210436489970682
-4.680425165314573,-3.021043518747292
-4.680719286538497,-3.0200512859894295
-4.681021345974916,-3.0190393175473673
-4.681021541148988,-3.019039047715598
-4.681021290291185,-3.019039018329157
-4.681315137598381,-3.0180467263624804
-4.681320171238379,-3.0180262813535035
-4.681609800544179,-3.0170327220346946
-4.6819069024383175,-3.0160193703627085
-4.68220200635431,-3.015005348870062
-4.682497430198015,-3.013991521206924
-4.68250272055938,-3.0139711731084624
-4.6827977435118955,-3.012957414427561
-4.682802996944951,-3.012937046390496
-4.68280340656482,-3.0129371905073774
-4.683098097578315,-3.011923342375687
-4.683392867438923,-3.0109092481665574
-4.683687625608727,-3.0098951607140596
-4.683693562412521,-3.0098750014995086
-4.68398542030006,-3.0088821357577276
-4.683991668209306,-3.0088620443987155
-4.68428842580542,-3.0078706047476236
-4.684593152873781,-3.006859448531542
-4.684593564414962,-3.0068592539802106
-4.684593831382928,-3.00685930541236
-4.6845936977243445,-3.0068593314086347
-4.684593889458091,-3.0068593574138136
-4.684594028723984,-3.006859374024052
-4.6845941400908515,-3.0068593872903864
-4.684891030537668,-3.005868027973409
-4.684896623561379,-3.0058477986270336
-4.684896556506698,-3.005847810531542
-4.685190707387397,-3.004855623276521
-4.685190732068728,-3.0048553030029717
-4.685190676680948,-3.0048552422345516
-4.685190282387411,-3.004855172153431
-4.685190580497417,-3.004855299827255
-4.6851901854757,-3.004855212647129
-4.685479638041469,-3.0038616269434666
-4.685772067494569,-3.0028469087712253
-4.686062162434129,-3.001831509005709
-4.686350310228716,-3.000815491614568
-4.686638546540761,-2.999799517537396
-4.686643171770339,-2.9997789781003252
-4.686642580292417,-2.999778842664255
-4.68692077291229,-2.998782049130812
-4.686926013990077,-2.9987619891604034
-4.687204003004958,-2.99776510841946
-4.687485191634322,-2.996747146150394
-4.687766459530074,-2.99572921549954
-4.687771776352361,-2.9957088843001225
-4.687771805153629,-2.995708932876047
-4.687771889730098,-2.9957089995952324
-4.687772019807114,-2.9957090712822794
-4.687771533473161,-2.995708951190487
-4.6877714620448225,-2.9957088692976908
-4.687771390778013,-2.995708799791254
-4.688053912363524,-2.9947132343136347
-4.688339304637238,-2.9936965272549854
-4.688623055757436,-2.9926793673302607
-4.688628622631118,-2.992659075450887
-4.688628803441971,-2.992659146964393
-4.688914216336423,-2.991664382905528
-4.689207709664708,-2.9906499746324107
-4.689503241663001,-2.9896360762412626
-4.689509412204437,-2.9896159579087342
-4.689801984895239,-2.9886232595568814
-4.690102390659696,-2.987610808658627
-4.690108742800026,-2.987590734836423
-4.690109007935196,-2.9875907587853443
-4.690108887195522,-2.9875907731098974
-4.690109398151204,-2.9875909604554893
-4.690109832261339,-2.9875911202182004
-4.690109585559237,-2.9875910713307072
-4.690405974768151,-2.9865995257524975
-4.6904059182622575,-2.986599169902671
-4.69070051463912,-2.985607083327627
-4.690700715803137,-2.985606814014885
-4.690700833056693,-2.9856068033915464
-4.690700925963182,-2.9856067980889978
-4.690998056562953,-2.9846154917706684
-4.691004453699024,-2.984595448319977
-4.6913118044783255,-2.983585360355781
-4.69161920123482,-2.982575025537786
-4.6919268798182685,-2.981564863999582
-4.691927284031715,-2.981564679227737
-4.691927558606355,-2.9815647426936858
-4.692230864486543,-2.9805753381998716
-4.692236255802531,-2.9805550145597492
-4.692236540350481,-2.980555134105654
-4.692236139692859,-2.9805550452166885
-4.692534528758409,-2.9795641061019618
-4.692539629258232,-2.9795436552040746
-4.692539761629702,-2.979543706410661
-4.6928414406452905,-2.978531900182357
-4.6931435695184955,-2.9775200434350113
-4.693447395194161,-2.9765086865724806
-4.693749550930922,-2.975496834200824
-4.693749735312034,-2.9754965594645624
-4.69405385045374,-2.9744855106928543
-4.694358022039585,-2.9734742103431633
-4.694661815963727,-2.9724628835381317
-4.694963919807276,-2.9714510484176153
-4.695268392801623,-2.970439913683153
-4.695268741110088,-2.9704397082130254
-4.695575150271986,-2.969429368020758
-4.695881229112652,-2.9684187386623004
-4.695887277289143,-2.9683986130298643
-4.695887211310949,-2.968398552966771
-4.696187455254864,-2.9674081929117366
-4.696193308791724,-2.9673880084298947
-4.696499499397154,-2.9663775700455495
-4.696805464565006,-2.9653668750286637
-4.69710979017475,-2.9643556916777167
-4.697109792538607,-2.9643553721366
-4.697410030973137,-2.9633650069266255
-4.697713872335846,-2.962353599729254
-4.697719745858563,-2.962333425406123
-4.697719850299944,-2.9623334987983143
-4.697719701854276,-2.962333410620868
-4.69771989764655,-2.9623335219436386
-4.698024314581253,-2.9613442432552257
-4.6983324595979195,-2.960334124759315
-4.698338379477633,-2.9603139599125905
-4.69833817754478,-2.9603138446368233
-4.698338329836262,-2.9603139435809953
-4.698651096715182,-2.959305532818941
-4.698963618680718,-2.958296848217565
-4.698963430097677,-2.9582964719650224
-4.698963499787551,-2.9582965524496894
-4.698963597698834,-2.9582966353565254
-4.69896373794807,-2.9582967216619886
-4.69896391214793,-2.9582968107652707
-4.698964113462339,-2.9582969023329966
-4.699285558103568,-2.9572912059094034
-4.699291846030278,-2.9572711726383365
-4.699292094573365,-2.957271271007609
-4.699292056796181,-2.957271200305906
-4.699292343762892,-2.957271330060816
-4.699613956274105,-2.9562871687311882
-4.699939980406183,-2.9552827546055664
-4.699940073920963,-2.9552824435813654
-4.699940395158069,-2.955282585108188
-4.700263921655682,-2.9542990483669653
-4.7005918888419105,-2.953295270904311
-4.700592001941382,-2.9532949690068144
-4.7009219409937035,-2.9522920448444125
-4.700927869333898,-2.952271875843379
-4.700928220641538,-2.952272022857158
-4.700928228685529,-2.9522719787059017
-4.701252211229173,-2.9512890591316756
-4.701584895397868,-2.950286836354528
-4.701919209123534,-2.9492851534425046
-4.702251811432782,-2.9482828933521215
-4.702252197175811,-2.9482826904822574
-4.702252745692664,-2.9482829163025515
-4.702583382304206,-2.947302221940678
-4.702589831735115,-2.9472824070878136
-4.7025904863825625,-2.947282636448612
-4.7029292169588945,-2.9462826303774032
-4.703268315833713,-2.9452825546889443
-4.7032687721501905,-2.9452823779905515
-4.7032690819053125,-2.9452824460928353
-4.703603118525447,-2.9443029644643324
-4.703941080524042,-2.943302519633251
-4.704276699802726,-2.942301267657156
-4.7046103662396,-2.941299291285878
-4.704616033952986,-2.941279018220641
-4.7046154649181045,-2.941278859052559
-4.704938906069511,-2.9402957921795854
-4.70527086919005,-2.939293248486289
-4.705602476161403,-2.9382906723235696
-4.705602417076028,-2.9382903304031003
-4.705601947168132,-2.9382902243204345
-4.705601864315801,-2.9382901609332164
-4.705602080989247,-2.9382902896486622
-4.7056016523318505,-2.9382901886366906
-4.7056019324449005,-2.9382903175264428
-4.705601885496602,-2.9382902484215845
-4.7056015117488945,-2.938290161192761
-4.705601514672739,-2.9382901116954554
-4.705601807424737,-2.9382902501818293
-4.705924836672061,-2.9373070540520647
-4.706251992859318,-2.936302928020998
-4.706251886206494,-2.936302570767402
-4.706579023067864,-2.935298742026327
-4.706906272494302,-2.934294678204334
-4.707233546060703,-2.9332906287120366
-4.707561152570701,-2.9322867798289876
-4.707567881136126,-2.932266888816306
-4.707899807776656,-2.9312646327906235
-4.708231810631094,-2.9302621341702886
-4.708564105840225,-2.9292598180182985
-4.708898415772965,-2.9282580842793853
-4.709232686107202,-2.9272563469650428
-4.709239551688658,-2.9272365099971855
-4.709239337190817,-2.927236497235836
-4.709239138995044,-2.9272364889611318
-4.709238918781638,-2.9272364620474747
-4.709239325634475,-2.9272366326116455
-4.70956476954166,-2.9262542330635974
-4.709894371404566,-2.9252509043217625
-4.709894314999162,-2.9252505606534296
-4.709894202347646,-2.9252504909864965
-4.709894111117748,-2.9252504386258558
-4.710223709413923,-2.924247428679131
-4.710553039829534,-2.9232441291987477
-4.710559377841483,-2.923224133093929
-4.710882453365158,-2.9222409294398037
-4.710887939871862,-2.9222205942076216
-4.711206285295073,-2.9212358566647465
-4.711528659811948,-2.920230184761249
-4.711851425481176,-2.9192247354240184
-4.711857829858033,-2.919204714888706
-4.711857746852859,-2.9192046310276014
-4.712179192512233,-2.9182209235974157
-4.712185987470209,-2.9182010212642875
-4.712511530592476,-2.9172185030064006
-4.712517353771536,-2.9171982681527564
-4.7128380393739535,-2.916214283244228
-4.712844287022308,-2.916194280556385
-4.713171330184237,-2.915190372417404
-4.713177717643953,-2.915170333750016
-4.713177560746029,-2.9151702139689495
-4.71350126837834,-2.9141872514444924
-4.713833533274261,-2.913184805948584
-4.713840324610192,-2.913164903226724
-4.713840700877923,-2.9131650549753223
-4.713840770423731,-2.91316502650131
-4.713841138161316,-2.9131651922985595
-4.713840828095954,-2.9131651192492884
-4.714170722459944,-2.912184204212474
-4.7145051595207015,-2.911182557832132
-4.714511928847307,-2.911162641009384
-4.7148446632040315,-2.910182655255499
-4.714851045533453,-2.9101626196459516
-4.714851302462765,-2.9101626273386514
-4.714851142689654,-2.9101626021083264
-4.714851314749944,-2.9101625998103824
-4.714851739326888,-2.910162775942784
-4.715183740797183,-2.9091825006793073
-4.71518964583272,-2.9091622879737504
-4.715189857836019,-2.9091623680178014
-4.715525860438307,-2.9081614354221386
-4.715862303449171,-2.907160462710789
-4.715868509779553,-2.907140364957981
-4.716198694853434,-2.9061594683832612
-4.716205777290466,-2.9061396599812794
-4.716206044483136,-2.906139676082872
-4.716206568942135,-2.9061398837459542
-4.716542622754201,-2.9051608595338974
-4.71654939357843,-2.9051409495595997
-4.716892079889015,-2.904142276681186
-4.716892118475348,-2.9041419570628553
-4.717228774116114,-2.9031633326270345
-4.7175741815658085,-2.9021653474310027
-4.717919883182994,-2.9011675481631682
-4.718267878663318,-2.9001705398867506
-4.718268444823395,-2.900170415871777
-4.718268840563427,-2.900170525928963
-4.718269449147788,-2.9001708000876305
-4.718269689136953,-2.900170853629286
-4.718269895051843,-2.9001709012683903
-4.71861539420753,-2.8991953584470616
-4.718622120984106,-2.899175548312877
-4.718973980868928,-2.898180094354007
-4.719326163534054,-2.897184565598785
-4.719680620564655,-2.8961898331560363
-4.719688210192481,-2.896170235069866
-4.719688919453764,-2.8961705119986423
-4.72004953542017,-2.8951781978537814
-4.720410502597031,-2.8941858136778986
-4.7207730535186885,-2.8931940109448866
-4.720773306068291,-2.8931937730170296
-4.720773078344685,-2.8931937412312343
-4.720772851389587,-2.8931937047114427
-4.720772949253662,-2.8931936925142563
-4.721122672598562,-2.8922196677134426
-4.721481048560466,-2.891226348756546
-4.721488256265025,-2.8912066242433503
-4.721839692241208,-2.890233088199975
-4.721846659293881,-2.8902134261628065
-4.72184613437564,-2.890213237680463
-4.7221953742762075,-2.889239016449014
-4.722202176066648,-2.889219345375185
-4.722558390337717,-2.8882254116960837
-4.722564604573807,-2.8882053040801123
-4.722564127624953,-2.8882051399677966
-4.722564318260365,-2.88820523160474
-4.72291833399474,-2.8872105282216425
-4.722924645246888,-2.887190455291701
-4.722924910684488,-2.887190565632703
-4.723271646180191,-2.886215376031691
-4.7236233476700225,-2.885219657755229
-4.723630409496176,-2.885199849671494
-4.723986428811833,-2.884205852885563
-4.723992875581756,-2.8841858299543697
-4.723993206804625,-2.884185964904276
-4.724341861695639,-2.88321133768378
-4.724341750537558,-2.8832109548906155
-4.724341575813112,-2.883210839788984
-4.724341434870365,-2.8832107508159726
-4.724341322062959,-2.8832106797882875
-4.724341231817803,-2.8832106229662116
-4.724687500961166,-2.882235392402031
-4.725038034678049,-2.881239283003646
-4.725386962726734,-2.8802426136081936
-4.725737972450198,-2.879246583977084
-4.725744914276156,-2.8792267685196697
-4.726091904437302,-2.878251770403638
-4.7260984665243315,-2.8782318152352993
-4.72645206845896,-2.8772369704417318
-4.726452272838294,-2.877236721278954
-4.726452656864766,-2.8772369088670993
-4.726452367439776,-2.8772368505248935
-4.726452110018502,-2.877236795343356
-4.726797235914477,-2.876261105295911
-4.726797591048687,-2.8762608944236696
-4.726797821073418,-2.8762609278731914
-4.727145325168299,-2.8752861139800525
-4.727501433426743,-2.8742919849378077
-4.727855861481896,-2.8732972357282613
-4.728211889441089,-2.872303062877292
-4.728566239009647,-2.871308287828581
-4.728573608306438,-2.8712885808330135
-4.728573439927259,-2.8712885425936285
-4.7285736174201,-2.8712885488838986
-4.728923600410975,-2.87031461752454
-4.72893033698314,-2.870294742311736
-4.728930296914128,-2.870294743419019
-4.7289301990334085,-2.8702947305507016
-4.729275366048829,-2.869319075264155
-4.729275391025492,-2.86931873613353
-4.729617956091479,-2.8683421607378157
-4.729624663784362,-2.868322494808376
-4.729974060840412,-2.867326153384391
-4.72998015542777,-2.867306016886097
-4.7303203509111444,-2.8663286092876255
-4.7303262473135295,-2.8663083761505286
-4.730668531666829,-2.8653095676885787
-4.731010933829846,-2.864310539352273
-4.731353690142672,-2.8633117310723812
-4.731359934171252,-2.8632916565709645
-4.731359685668055,-2.86329159927179
-4.731359420584645,-2.8632915415944393
-4.73135948775148,-2.863291508152971
-4.731697545691401,-2.862291290663347
-4.732035681052334,-2.861290825408779
-4.7323738090398235,-2.860290366943085
-4.732379861209555,-2.86027025922644
-4.732380200047651,-2.8602704208751106
-4.7323804908099545,-2.860270569328332
-4.732714365138624,-2.8592910054923713
-4.732721458241182,-2.859271206976287
-4.733059408347777,-2.8582927800799522
-4.733401392922259,-2.8572936760988887
-4.733741398367165,-2.856293814545322
-4.7337412750339,-2.856293445841592
-4.733741397469913,-2.856293543444065
-4.734076683938841,-2.8553144126906256
-4.734083197243367,-2.8552944648181695
-4.734425216110044,-2.854295575514638
-4.734767391491545,-2.8532964773661047
-4.735109608735462,-2.8522974045800717
-4.735109559458268,-2.852297087840149
-4.735109449862318,-2.8522970392231777
-4.735451659129568,-2.8512982744202446
-4.735794286317701,-2.850299456701096
-4.736138952200733,-2.8493012414172827
-4.736145993652677,-2.8492814674239453
-4.736146084521722,-2.849281472533012
-4.736486019510677,-2.848304030731878
-4.7368307180734615,-2.84730590590056
-4.7368370264622355,-2.8472858582887275
-4.736837420589399,-2.847286022911432
-4.736837755425172,-2.847286174055681
-4.736838084191466,-2.8472863177374714
-4.736837764659012,-2.847286226333072
-4.736838130106129,-2.847286372448584
-4.736838153857545,-2.84728631360337
-4.736837836732411,-2.847286228237337
-4.736838190852556,-2.8472863749813433
-4.737181777022319,-2.8463098589177034
-4.737181677014293,-2.8463094789057712
-4.737529758423559,-2.845312695083004
-4.737878276690738,-2.8443158792836933
-4.738228837255197,-2.8433196898079047
-4.73857970534501,-2.8423237032738746
-4.738932572479435,-2.841328339378821
-4.73928570875866,-2.8403331618111984
-4.739292487725283,-2.840313419103707
-4.739292494815667,-2.8403134653166804
-4.7392927732125,-2.840313521155
-4.739643131055241,-2.8393175572573606
-4.739649612225521,-2.839297578167525
-4.73999755558288,-2.8383007559038838
-4.740345536516032,-2.8373036802503875
-4.7406938067225095,-2.8363067938435007
-4.741044078137534,-2.8353105222464756
-4.7413943086804755,-2.8343142473329235
-4.741394574310921,-2.834314053724174
-4.741394715033973,-2.8343141031556374
-4.741395117667739,-2.834314330443982
-4.741394845169695,-2.8343143041942747
-4.741394942677119,-2.8343143119791105
-4.741737901478607,-2.83333791866414
-4.74208502221031,-2.832340616302086
-4.742429836956004,-2.8313424955376267
-4.742772730177902,-2.8303436415684935
-4.742772420409434,-2.83034322502433
-4.743115381911223,-2.829344704068814
-4.743115213045139,-2.829344354571139
-4.743458287559608,-2.8283458839106124
-4.743801489435719,-2.827347178738387
-4.7441447239156265,-2.8263484875677305
-4.74448798342373,-2.8253498106266877
-4.744831262862423,-2.824351145211657
-4.7448373605342145,-2.8243310696152077
-4.744837623977524,-2.8243312319856093
-4.745180612754967,-2.8233327251218623
-4.74518675622685,-2.823312637244639
-4.745527431962249,-2.8223133199524857
-4.7458684888375595,-2.821313946975091
-4.745874836484505,-2.821293922552753
-4.745874687937612,-2.82129391001527
-4.745874842223569,-2.821293919845401
-4.745874605493547,-2.821293888131436
-4.746210875527804,-2.820293070029461
-4.746547194165991,-2.8192919941509462
-4.746883496910482,-2.818290921901178
-4.747219785867107,-2.8172898557402557
-4.747225834296093,-2.8172697533585676
-4.747225885055518,-2.817269745412132
-4.74755374566619,-2.8162881849069192
-4.747890537613651,-2.815287357581427
-4.747897738206369,-2.815267591323429
-4.748231911656284,-2.81428792687525
-4.748238774513101,-2.8142681047384666
-4.74823880035218,-2.8142680488484757
-4.748238489048134,-2.814267980603734
-4.748238840476629,-2.814268131797612
-4.748239146786964,-2.814268263127345
-4.748239158789556,-2.8142682058231
-4.74823948277847,-2.8142683506260897
-4.748239489571482,-2.8142682975783715
-4.748239158024498,-2.8142682184211165
-4.748239502875418,-2.8142683673037245
-4.748239803976692,-2.8142684968888774
-4.748239452139504,-2.8142683918126346
-4.748584442944156,-2.8132705234467275
-4.748929499218691,-2.812272407583793
-4.7489295991687825,-2.8122721226518808
-4.748929608551243,-2.8122720988640983
-4.748929267063411,-2.812272043564008
-4.749266049070457,-2.811293463286119
-4.749266048910077,-2.8112934637964897
-4.749605082058172,-2.8103157159935743
-4.749612302193019,-2.810295993366053
-4.749962399856674,-2.8092999307725157
-4.749968847730048,-2.8092799502456947
-4.7503165517154455,-2.8082830466236137
-4.750664294772228,-2.807285890048603
-4.751012333634033,-2.806288924362127
-4.75101888856502,-2.806268984251522
-4.751366457798702,-2.8052720363605244
-4.751373620917956,-2.805252285982518
-4.751717165974254,-2.80427606876854
-4.751717594491889,-2.8042758991888235
-4.7517178835456075,-2.804275966120409
-4.752063097053477,-2.8033003684841256
-4.752412844013058,-2.8023039052564274
-4.7527622186478675,-2.8013073932733406
-4.7527689786729255,-2.8012875148221896
-4.753111681266609,-2.8003108896037108
-4.753111406414886,-2.80031046951331
-4.753111391576139,-2.8003105169354776
-4.7534608199296,-2.799314217075771
-4.753810041058936,-2.7983176434263943
-4.754157338516341,-2.7973203162365388
-4.754504688742482,-2.7963230214179755
-4.75485209595829,-2.7953257578021544
-4.755199855146183,-2.794328713580893
-4.755199992312469,-2.7943284655594653
-4.755542722551067,-2.793352008135858
-4.755889609419309,-2.792354640205292
-4.755895498171975,-2.792334428072866
-4.755894901885153,-2.7923342516967242
-4.7558946942995775,-2.7923341365613012
-4.755894170614576,-2.7923340007520063
-4.755893707536115,-2.792333878407232
-4.756230014953082,-2.7913330643362957
-4.756566729025255,-2.790332197817812
-4.756573656935186,-2.7903123461847383
-4.7565734151807915,-2.790312286960049
-4.756905535611412,-2.789332127643707
-4.756912159063612,-2.789312437766691
-4.756911680963886,-2.789312277253565
-4.757248238048109,-2.788311531302343
-4.7572541442259215,-2.788291345302092
-4.75758242623021,-2.787309860864881
-4.757919314474868,-2.7863089515531576
-4.758256183666743,-2.785308045462194
-4.7585933327924055,-2.7843073284657933
-4.758593717785706,-2.7843071421496797
-4.758593628146262,-2.7843071736406384
-4.758923729296791,-2.7833263647013284
-4.759257657808662,-2.782324560987139
-4.759589246180965,-2.781321962977465
-4.759595456000511,-2.781302058316802
-4.759595390466242,-2.7813020664879065
-4.759595398205808,-2.7813021034538314
-4.759931795344028,-2.780301310331543
-4.760268337278203,-2.779300295090365
-4.760604550828948,-2.7782992551660675
-4.760610968575452,-2.7782792506233487
-4.76061099011195,-2.7782792936757863
-4.7609429785376385,-2.777299047251747
-4.760949373686213,-2.7772790603313826
-4.7609490551036835,-2.7772788813350613
-4.760948469258211,-2.7772787088965263
-4.761279181097707,-2.7762980602641187
-4.761285271453696,-2.7762779422442736
-4.761285028914672,-2.776277865072096
-4.761285111506993,-2.7762778247665
-4.761285464062573,-2.7762779711162566
-4.7612854932314495,-2.7762779217703972
-4.761622384689809,-2.775277308083011
-4.76195967567314,-2.7742766358923783
-4.761966696006529,-2.774256813335464
-4.761966526508844,-2.7742567813589893
-4.762299937189163,-2.7732770261968915
-4.762300374029895,-2.7732768401473216
-4.762300970307403,-2.7732770737713803
-4.762638032927751,-2.772298538220749
-4.762638100179889,-2.772298226916964
-4.762972596406549,-2.7713188674522975
-4.762979172850324,-2.771298935663432
-4.762978608697911,-2.77129874973823
-4.762978130274679,-2.771298603613829
-4.762977685606411,-2.7712984670338123
-4.763306602734807,-2.7703172045740874
-4.763643784287226,-2.7693164638275145
-4.76365045758181,-2.7692967017160686
-4.763650036066732,-2.7692965576739903
-4.7636496718565144,-2.7692964449566144
-4.763976322686558,-2.7683144065769456
-4.763981952620178,-2.7682941042966256
-4.764304458069308,-2.767310674368806
-4.764311159900149,-2.767290718305269
-4.764311215028904,-2.7672906487531748
-4.764637864779157,-2.766308639655828
-4.764637780753047,-2.7663082694311005
-4.764637632014651,-2.766308166174449
-4.764962514598403,-2.765325598838038
-4.764968510639112,-2.7653054741626213
-4.765292910233196,-2.7643227263256134
-4.765299388487545,-2.76430289940133
-4.765298919117717,-2.7643027453200437
-4.765627596135205,-2.7632993832320616
-4.765956673663431,-2.7622959653037813
-4.765962696632347,-2.7622758201632545
-4.766285586907626,-2.7612925273917206
-4.766286000573553,-2.761292326771994
-4.766286579603467,-2.7612925468426113
-4.7662867910928,-2.7612925649952906
-4.766614118063165,-2.760310780911034
-4.766620460974837,-2.760290757749949
-4.766620797250611,-2.7602908032324835
-4.766620699329804,-2.7602908108286712
-4.766951806730907,-2.7592882638714356
-4.767283260788826,-2.758285636345243
-4.76728367576337,-2.7582854487551094
-4.76728360736586,-2.7582854784251154
-4.767608101468732,-2.7573027960464676
-4.767936297256644,-2.7562990929721853
-4.767941892215223,-2.756278782192352
-4.768259968268733,-2.7552939528735396
-4.76858609660916,-2.754289566217843
-4.768910256158567,-2.7532844579198024
-4.768916640651501,-2.7532644296867512
-4.768916822009231,-2.753264518120915
-4.768916389221774,-2.753264403132216
-4.769237160917101,-2.752280460458078
-4.769566023638704,-2.751276964091862
-4.7698932207129126,-2.7502729158467485
-4.7698992027011755,-2.7502527587609036
-4.769899032778013,-2.7502527146317055
-4.770217868684141,-2.7492681256235105
-4.770545089538596,-2.7482640078576233
-4.7708722635711975,-2.747259885476487
-4.770879038262283,-2.747239975552691
-4.770879197340863,-2.747239977138749
-4.771208539942144,-2.7462368686482113
-4.771537573853751,-2.745233464380243
-4.771864253223028,-2.7442292754488777
-4.7718640423267535,-2.7442288912481865
-4.772182929703579,-2.7432443831634115
-4.772188680295117,-2.743224201228428
-4.7721884020357,-2.743224137918962
-4.772188755653143,-2.743224285044074
-4.772507157211573,-2.74223957930777
-4.772513442423137,-2.7422196834645978
-4.772838168252846,-2.7412150280461933
-4.772844564123812,-2.7411949923523644
-4.773171736075172,-2.740191140724644
-4.773177482697601,-2.74017090562486
-4.773177107109853,-2.7401708019404114
-4.773493376756851,-2.7391854145158083
-4.773498831870233,-2.7391650576040485
-4.7734986425898,-2.739164923304821
-4.773810831122177,-2.7381782402881663
-4.773816539150401,-2.7381580063042543
-4.774134627110952,-2.7371512320110574
-4.774134778210184,-2.7371509524623487
-4.774452810302944,-2.7361441946257377
-4.774459237899734,-2.7361241893998622
-4.774779624742954,-2.7351181716437747
-4.775100420979106,-2.734112100904783
-4.775423558450193,-2.7331067660715944
-4.775748702972551,-2.7321020002527074
-4.776073420429912,-2.7310971939299247
-4.776396406287068,-2.730091819512957
-4.776721703001993,-2.7290871827698036
-4.776727939698016,-2.729067130032631
-4.776728601683024,-2.729067369355086
-4.7767291508102145,-2.7290675807625786
-4.776729651136791,-2.7290677721579506
-4.776730112677383,-2.7290679473019943
-4.776729895461437,-2.729067895152982
-4.777055218593842,-2.728085376052931
-4.777061490697875,-2.7280654339997086
-4.77739267293241,-2.727062881039538
-4.77739950396729,-2.7270429869415906
-4.777399964087795,-2.7270431495568257
-4.77740009812108,-2.727043130588907
-4.777728895662571,-2.7260618477874283
-4.7780622175313905,-2.7250598328128026
-4.778068958883778,-2.7250399219796586
-4.778069035935865,-2.7250398777900298
-4.778069110749961,-2.725039854973986
-4.7780694694658505,-2.7250400213998645
-4.7780697996263175,-2.725040170895801
-4.778070125011097,-2.7250403126624896
-4.778070150965493,-2.7250402628474224
-4.77841415016185,-2.724042070810372
-4.778757862007168,-2.7230435827246784
-4.779099249467571,-2.7220442852801647
-4.779105014783486,-2.722024028082729
-4.779435314700506,-2.7210432327193224
-4.7797695442914,-2.720041508600296
-4.77977566110615,-2.7200213995075533
-4.779774840819925,-2.7200211267953462
-4.780107525943321,-2.719019092297451
-4.78011392084707,-2.7189990733027645
-4.780449083942827,-2.7179978635468087
-4.780454895664334,-2.717977638682398
-4.78045477636178,-2.7179775413248026
-4.780454959519577,-2.7179776517304313
-4.780454856394984,-2.717977571068056
-4.780454787894452,-2.7179775111208127
-4.780455033908662,-2.7179776488325915
-4.780786305645615,-2.716997207895894
-4.781126584994625,-2.7159975368297187
-4.781468867488527,-2.7149984635256397
-4.781469261500262,-2.714998280240663
-4.781469506715376,-2.7149983382984217
-4.781811529601482,-2.7139994977158453
-4.7821532345893845,-2.713000350990063
-4.782493262890236,-2.7120006208898713
-4.782834942102635,-2.711001444880262
-4.783174643984304,-2.7100015120777248
-4.783180673885207,-2.7099813806459587
-4.783517953942822,-2.7089809080631237
-4.783524677099981,-2.708961013809285
-4.783858241812536,-2.7079813547242124
-4.784200583629903,-2.7069823181601076
-4.784207625740529,-2.7069625128175305
-4.784545282901295,-2.705984078002978
-4.784887335683488,-2.704984937615413
-4.78488732733038,-2.70498461813044
-4.785222463934877,-2.7040054984149253
-4.785222274315846,-2.7040051241105894
-4.785222330225734,-2.704005205643942
-4.785222416654478,-2.704005290308114
-4.785559332200704,-2.703026581279019
-4.7859003382185845,-2.7020271476316973
-4.786239066284774,-2.7010269260547357
-4.786576208202723,-2.700026197676873
-4.786576015132289,-2.700025797525367
-4.786575805497459,-2.700025687194748
-4.7865752941231055,-2.700025564525439
-4.786906527263695,-2.6990450964646544
-4.78724673420428,-2.6980454050517118
-4.787253909318185,-2.6980256242943903
-4.787598362270903,-2.69702757221248
-4.787605494588665,-2.6970077890990214
-4.787605943980113,-2.6970079682574375
-4.787605722432497,-2.697007921258313
-4.787946298695113,-2.6960306234861307
-4.78795285811345,-2.6960106641310984
-4.787953458384963,-2.6960108715880478
-4.788296143302182,-2.695034317743346
-4.788303583045265,-2.6950146174014504
-4.78865734089789,-2.694019804420244
-4.788663991839058,-2.6939998624436776
-4.788664236028066,-2.6939998769304134
-4.789009225362232,-2.6930241487376176
-4.789015927511889,-2.6930042472438647
-4.789016259136499,-2.693004293035068
-4.789360531928516,-2.6920283412293045
-4.789360605445796,-2.6920280335547577
-4.789702295470123,-2.6910511618275232
-4.790048492295655,-2.690053446293504
-4.790055245899929,-2.690033551912969
-4.790403779556517,-2.689036929027471
-4.790410659940736,-2.68901708116525
-4.790754585628332,-2.6880408215573413
-4.791103413730065,-2.687044111859202
-4.791454299767126,-2.6860480276536
-4.79180520818626,-2.6850519679300757
-4.792155762168495,-2.6840558750704533
-4.792504353605747,-2.683059010442249
-4.792504259416724,-2.6830586786625683
-4.79284583852006,-2.68208180386436
-4.793192252474169,-2.6810842847358467
-4.793192261945345,-2.6810839750419584
-4.793533707305318,-2.6801070477199085
-4.793539703518251,-2.6800868807135942
-4.793539178387311,-2.680086724663726
-4.793539029328554,-2.6800866253847775
-4.793880500703225,-2.6790875746874283
-4.794221721507784,-2.6780882390237
-4.79456131443576,-2.677088351601957
-4.7945681314825475,-2.677068473887877
-4.794568105414165,-2.6770684118485595
-4.794905929213094,-2.6760902082438784
-4.794906230518966,-2.676089991363186
-4.794906073931171,-2.6760899847244968
-4.795244319723052,-2.67511190557803
-4.7955913240279,-2.67411447054993
-4.7955917022011825,-2.6741142818035035
-4.795932303767272,-2.673137042230613
-4.7959397189358155,-2.673117362341543
-4.795940337611993,-2.6731176033496893
-4.795940602102955,-2.6731176459081136
-4.795941123763719,-2.6731178713028783
-4.7962897187397,-2.6721433124455256
-4.796642591250796,-2.671148008936782
-4.796642423167366,-2.671147608145445
-4.796986995440571,-2.6701717588085896
-4.797340871088879,-2.669176824834626
-4.797697084752576,-2.668182709357352
-4.798055587150244,-2.667189414580852
-4.798062634763051,-2.667169642140219
-4.798063403679592,-2.667169930414292
-4.79841613245933,-2.6661966566665867
-4.798422680937445,-2.6661766677241876
-4.798422756937875,-2.6661766176622743
-4.798770558483626,-2.665201900933325
-4.799122987511865,-2.6642063600289583
-4.799122918624417,-2.6642060071315155
-4.799123081658011,-2.6642061191931203
-4.799123253381183,-2.6642062294054414
-4.799123451713824,-2.6642063403332776
-4.799123029933146,-2.6642062131198077
-4.79912266658446,-2.664206102987572
-4.799122658714105,-2.664206036505382
-4.799122638487384,-2.66420597837992
-4.799122622259229,-2.664205931861998
-4.799122258433775,-2.664205848881784
-4.799474786746833,-2.663210642061164
-4.7994818736941385,-2.6631908678114335
-4.799481859710848,-2.663190811924582
-4.799481512344203,-2.6631907350147213
-4.799481535687368,-2.6631907011861613
-4.799481840355006,-2.6631908586957866
-4.7994821271256125,-2.6631910014909033
-4.799482122648451,-2.663190949363941
-4.7998391364986315,-2.6621973445882134
-4.799845593998525,-2.6621773474320554
-4.799845283195263,-2.662177263888864
-4.799845616418125,-2.6621774167010033
-4.799845259218881,-2.6621773146277476
-4.8001915514518565,-2.661202026307449
-4.800191873439625,-2.6612017987493584
-4.8005398280871105,-2.660227146177176
-4.800539866737897,-2.660226826470041
-4.8008923274098265,-2.6592315927625902
-4.800898642821099,-2.6592115427079683
-4.800898292444934,-2.659211447292372
-4.8012463079154095,-2.6582146477772084
-4.801594032513571,-2.6572175505598503
-4.801940118390322,-2.6562198840135873
-4.802287878857503,-2.6552227906735486
-4.802634004246089,-2.6542251342434584
-4.802640295165728,-2.654205077832754
-4.802979106227311,-2.65322720775279
-4.802985833773149,-2.6532073970370242
-4.802985332034132,-2.653207229124515
-4.803328755662452,-2.652208822050847
-4.803671908196305,-2.6512101269476585
-4.8036717332375005,-2.6512097327595314
-4.804006047148318,-2.650230318244941
-4.8040124544987695,-2.650210556320921
-4.804346645941497,-2.6492310418934233
-4.8046852618086575,-2.6482307196618113
-4.804684956028518,-2.6482302903478816
-4.8046846419368,-2.6482301516520255
-4.804684682098273,-2.6482302340236665
-4.805018761899236,-2.6472507440116324
-4.805356887650187,-2.6462503421081074
-4.805693413930159,-2.645249410643081
-4.806032356195512,-2.6442492878563484
-4.806038525038003,-2.6442291703262786
-4.806377130162662,-2.64322912156038
-4.806377256158057,-2.643228844033411
-4.806377288509026,-2.643228824048892
-4.806377607882957,-2.6432289954771067
-4.806711455007619,-2.642249263163461
-4.806711347905662,-2.6422489071287916
-4.806711179339024,-2.6422488146903165
-4.807049344079711,-2.6412486533463118
-4.807387256625004,-2.64024820676803
-4.807723542395679,-2.63924721167668
-4.807729574233325,-2.6392270678816745
-4.808065508914334,-2.638226132588661
-4.808401509132433,-2.63722495442889
-4.808737823521184,-2.6362239722707623
-4.80873810067427,-2.6362237593004427
-4.8087379260624115,-2.6362237673383766
-4.808738080476771,-2.6362237933477144
-4.80906737791127,-2.635242720946826
-4.8090732354083086,-2.6352225169570325
-4.809397684599249,-2.634239789732987
-4.809403268750061,-2.634219472817193
-4.8094026982722164,-2.6342192943369316
-4.809402515666342,-2.634219173996307
-4.8094026551967115,-2.634219257671708
-4.809728919709438,-2.633215121056513
-4.810055630328124,-2.632210941545182
-4.810384703422825,-2.6312075227821174
-4.810715429456466,-2.6302046532226995
-4.811044137044507,-2.6292010367675402
-4.811372454007603,-2.6281973873984046
-4.8116987801668545,-2.627193006528107
-4.8120247650072985,-2.6261886045530174
-4.812030254131254,-2.6261682802190243
-4.812346214446862,-2.6251827875764078
-4.81235194399494,-2.6251625681243507
-4.812668208078823,-2.6241771383059134
-4.812992788832952,-2.6231721750301
-4.812999507714656,-2.623152242520707
-4.812999318286038,-2.623152207606891
-4.813317478018125,-2.622167437207203
-4.813323841631161,-2.622147605841116
-4.813642459821311,-2.6211629585989007
-4.813969561484556,-2.6201588027088856
-4.813969780842002,-2.6201585418791007
-4.813969545957694,-2.6201585104167653
-4.814294373501292,-2.6191539201004455
-4.814300966135103,-2.61913396010437
-4.814621556827092,-2.618149961748714
-4.814945838819222,-2.6171449847739763
-4.814945580644471,-2.6171445684647594
-4.814944951928356,-2.6171444020568257
-4.815259493214453,-2.6161584722124736
-4.815266009253939,-2.616138474761111
-4.81558472860498,-2.615153850348535
-4.815590288264545,-2.615133537874225
-4.815904192187968,-2.614147358914346
-4.815903939555087,-2.6141469345737973
-4.815903658256189,-2.6141467893277626
-4.815903432159987,-2.6141466762886485
-4.816221277167786,-2.6131398646260973
-4.816539559493815,-2.612133002525972
-4.816546068885275,-2.612113012277111
-4.816862242429034,-2.611127476627397
-4.816868527732743,-2.611107493168771
-4.8171852310922985,-2.6101222418128143
-4.817191875051912,-2.6101022701589733
-4.817191979632112,-2.6101022306987196
-4.817519411965876,-2.609098478323177
-4.817519571649376,-2.609098211543405
-4.817519932007318,-2.609098379696915
-4.817849451279461,-2.6080953243085707
-4.81785611518734,-2.608075389840182
-4.818181354713744,-2.607092703632754
-4.818181256150134,-2.6070923485505744
-4.818181096040339,-2.6070922578320816
-4.818504624868736,-2.606109251864228
-4.818836321996539,-2.6051067158698267
-4.819165690196282,-2.6041033933059077
-4.819492721523016,-2.6030993017204906
-4.819817803665932,-2.602094506395572
-4.819817527648005,-2.602094105896061
-4.819817240050712,-2.6020939914709986
-4.819816666872377,-2.6020938698130585
-4.8201333548107606,-2.601108628523431
-4.820453610580319,-2.600102370088275
-4.820459503240003,-2.600082417065513
-4.820459081123594,-2.6000822250191606
-4.820773471884761,-2.59909623215662
-4.8210918116316055,-2.598089284623443
-4.821097031219079,-2.5980688876357743
-4.821407502623186,-2.5970816545745143
-4.821726597075972,-2.596075027049497
-4.82204807097772,-2.5950691407598154
-4.822371193971721,-2.594063792449752
-4.82269259808045,-2.593057887005573
-4.8230156317978325,-2.5920525095714084
-4.82333629059824,-2.5910463673138047
-4.823654928933382,-2.590039506233838
-4.823973229839746,-2.5890326303254265
-4.823979253404249,-2.5890125706933453
-4.824291553912973,-2.5880258989877465
-4.824291206947701,-2.5880254655196913
-4.824601825181,-2.5870383067767455
-4.8249208054242,-2.586031563590087
-4.824927167593114,-2.586011531529305
-4.824927416848709,-2.58601164589083
-4.825250888133099,-2.585006613854555
-4.825574779609741,-2.58400152682181
-4.82558148929381,-2.5839815923910745
-4.82558129786197,-2.5839815567830713
-4.825581761112489,-2.583981736577104
-4.825581511165963,-2.5839816803071667
-4.825581285130402,-2.583981627221231
-4.82558138690702,-2.5839815944563864
-4.825899462444838,-2.582996782431662
-4.825905480770916,-2.5829766528126923
-4.82622380061903,-2.5819918665379458
-4.82622996291173,-2.581971777312768
-4.826548397163864,-2.5809870152094256
-4.826874731231059,-2.5799826912221526
-4.826881465000116,-2.5799627751815573
-4.826881267832981,-2.579962713791894
-4.826881425325524,-2.5799626933051214
-4.827200000587618,-2.5789780403747566
-4.827526984889787,-2.57797385160066
-4.827533022916598,-2.577953729942753
-4.827532918467388,-2.5779537186830015
-4.827532768492644,-2.5779536985467635
-4.827846477879352,-2.576967481958508
-4.828163975103326,-2.575960250160115
-4.828169451688284,-2.5759399377208823
-4.828478245749841,-2.5749521667303954
-4.828478049436294,-2.574951773112544
-4.828790544666301,-2.5739432738624637
-4.828795857130727,-2.5739229167183453
-4.828795391994115,-2.5739227982154493
-4.829103469282123,-2.5729129392323777
-4.829411264104814,-2.5719027991782752
-4.8297174101977625,-2.5708921619951264
-4.829723555678812,-2.570872050552983
-4.830028627560449,-2.5698831340233736
-4.830035122105374,-2.569863115708425
-4.830035304062057,-2.5698631037022905
-4.830345251796137,-2.5688757104304236
-4.83035117058028,-2.5688555599731915
-4.830661328489333,-2.567868180990587
-4.830661869313384,-2.5678680125375406
-4.830973632294878,-2.566881203838328
-4.830973804473474,-2.566880928052352
-4.830973518330102,-2.5668808745908867
-4.83128052479331,-2.565892571705695
-4.83128585303394,-2.565872193095471
-4.831285722631749,-2.5658720831589115
-4.831588586567601,-2.5648825048813566
-4.831899220455833,-2.563873224774989
-4.831899220328051,-2.5638728881400175
-4.831899142522785,-2.5638728210713806
-4.832201544943041,-2.562883112641981
-4.832207420291899,-2.562863151849483
-4.832207181272011,-2.562863020085516
-4.832206656982701,-2.56286289638587
-4.832206845115678,-2.562862992320642
-4.832206367437585,-2.562862869201265
-4.832506655290543,-2.5618724913176525
-4.832511736754631,-2.5618520287455424
-4.832511521951113,-2.561851887867616
-4.832807727484078,-2.5608602947379113
-4.83280787502349,-2.560860006416993
-4.832808253948927,-2.5608601531671042
-4.833109157800747,-2.559869973660942
-4.83341846610566,-2.5588602793780626
-4.833418981477446,-2.5588600994607225
-4.833419647230622,-2.558860336359546
-4.833419923884571,-2.5588603741627285
-4.833419808987845,-2.558860385522267
-4.833419673114209,-2.558860380810058
-4.833723117769532,-2.5578709448834496
-4.833729710646979,-2.5578509451863813
-4.83373029509166,-2.5578511295809125
-4.834046108068267,-2.5568436449868286
-4.834361970206937,-2.5558359085160576
-4.8346774265205035,-2.5548281369835673
-4.834991189819064,-2.553819836662765
-4.834997639505054,-2.5537998101037025
-4.834997396555536,-2.5537997589526515
-4.834997175675742,-2.5537997205841094
-4.8349972789971485,-2.5537996953614863
-4.834997347531905,-2.5537996708199118
-4.834997706475435,-2.553799828030745
-4.83499803720891,-2.5537999690892654
-4.834997707327823,-2.5537998922183163
-4.835313586759848,-2.552792437417137
-4.835629520638988,-2.5517847305759624
-4.83562962405345,-2.551784451205082
-4.835945464703141,-2.5507770189329833
-4.83595108640461,-2.550756771880609
-4.835951428782258,-2.5507569230076346
-4.83626701348276,-2.549749397719329
-4.836583015071501,-2.548741809746701
-4.836588866690252,-2.548721623200938
-4.83689898882585,-2.547734229235873
-4.8372171814973,-2.546727233975515
-4.83753563646955,-2.545720401675662
-4.837541771121132,-2.5457003111769176
-4.837542168823878,-2.5457003835910865
-4.837854443632787,-2.544713705230378
-4.837860587376976,-2.5446936177609563
-4.838178508335524,-2.543686801887716
-4.838496729619902,-2.5426798937023785
-4.83850285734161,-2.542659795638433
-4.838820529994857,-2.5416529052716057
-4.838820908539048,-2.541652709434524
-4.838821147220315,-2.5416527561615507
-4.83882099058979,-2.541652771588364
-4.838821164305346,-2.5416527947449747
-4.838821289211277,-2.5416528088963823
-4.839136507807543,-2.540645184968991
-4.83914291760264,-2.540625179313014
-4.839143267676935,-2.5406253324034838
-4.839457341137635,-2.5396392573062183
-4.839779742242262,-2.5386336035282007
-4.840102428201587,-2.5376281220277113
-4.840102894913091,-2.5376279546044156
-4.84042092353437,-2.536643161860387
-4.840743188467472,-2.535637557001893
-4.8410674584081415,-2.5346325041547497
-4.841391697468837,-2.5336274555500355
-4.841397624591215,-2.5336073108170742
-4.841397766444294,-2.5336073219240096
-4.841397518607949,-2.5336073059145625
-4.84171065156149,-2.53262094775127
-4.8420276248666125,-2.5316135744760593
-4.842033126811068,-2.5315932641035763
-4.8423422173090085,-2.5306055761657937
-4.842659474021281,-2.529598287705974
-4.842976358565317,-2.528590966913616
-4.843291549205442,-2.527583114924309
-4.8436087791322056,-2.526575819508156
-4.843614520750386,-2.5265555983694563
-4.843614925423309,-2.5265557631649203
-4.843615269088853,-2.52655591394895
-4.843614962341499,-2.5265558493184828
-4.843931837865543,-2.5255487101913197
-4.844248400094411,-2.5245412785945045
-4.844562968811304,-2.5235331417078593
-4.844562903306635,-2.5235328105113934
-4.844871137284362,-2.522544905757777
-4.845182808571235,-2.5215359626144935
-4.845182430025827,-2.5215355291634642
-4.845181708800957,-2.5215353527056776
-4.8454832210016585,-2.5205453625702323
-4.845488886222523,-2.520525353168269
-4.845796425360575,-2.5195153178817344
-4.845796203561175,-2.5195149327552953
-4.84579626270623,-2.5195150081049498
-4.84579605730808,-2.519514907882098
-4.84610055784727,-2.5185258476315138
-4.846106152196022,-2.5185055899859066
-4.846416367674822,-2.5174963759620916
-4.846726942052572,-2.516487089834782
-4.8467327376761205,-2.516466877597573
-4.847036644019539,-2.5154776204451434
-4.847344151225988,-2.514467305744979
-4.84734418750735,-2.5144669978215926
-4.847343810720138,-2.514466932540225
-4.847344109664184,-2.514467071620447
-4.847343725397635,-2.5144669895620644
-4.847343391611563,-2.5144669167080234
-4.84734306222228,-2.5144668400224166
-4.847343394379219,-2.514466959889704
-4.847343026594327,-2.514466862846679
-4.8476440201987145,-2.513454850637131
-4.847650069422549,-2.513434698068425
-4.847650063366729,-2.5134346293915355
-4.847947358431044,-2.5124433654538705
-4.848247830880728,-2.511431007519514
-4.8482526901092555,-2.511410487140305
-4.848543621539039,-2.510417316900333
-4.848842095532624,-2.509404363164228
-4.849138600746845,-2.508390749996454
