x,y
-4.9084584655538865,-4.002136300395349
