x,y
-4.914632836772128,-4.004372230501703
