x,y
-4.915956782952172,-4.002026370443376
