x,y
-4.908549806688732,-4.002629066652367
