x,y
-4.916678169060823,-4.002145887210823
