x,y
-4.9156619634305905,-4.001566087181387
