x,y
-4.914165998106287,-4.002938233652127
