x,y
-4.909015007973592,-4.002345610729985
