x,y
-4.908986495149933,-4.002754408194668
