x,y
-4.9065956599800415,-4.001787948606945
