x,y
-4.9155094433047655,-4.001795585072099
