x,y
-4.915123341056037,-4.001818006025442
