x,y
-4.915680465625169,-4.001906453429194
