x,y
-4.915135955530057,-4.001645861832946
