x,y
-4.915365880087463,-4.001850529220079
