x,y
-4.910910733875277,-4.0019488642491705
