x,y
-4.910913419937313,-4.003047805575955
