x,y
-4.9155500243062775,-4.002036709834455
