x,y
-4.9157897768926695,-4.002235591551686
