x,y
-4.915102701848573,-4.00186025014145
