x,y
-4.913966046631314,-4.002283421992443
