x,y
-4.915242879535014,-4.001638192132064
