x,y
-4.912253186651512,-4.002303303349913
