x,y
-4.908683442489896,-4.002719008970478
