x,y
-4.907937754184184,-4.002600633208353
