x,y
-4.910524259249314,-4.00283366781
