x,y
-4.9137818026321005,-4.00326728779756
