x,y
-4.912984171078362,-4.002430828882197
