x,y
-4.908299595575006,-4.002682861285157
