x,y
-4.9130517703559935,-4.003824010758898
