x,y
-4.910265487710764,-4.002656679187177
