x,y
-4.914452044116412,-4.0020277788726375
