x,y
-4.910000306701202,-4.001659880861843
