x,y
-4.909186012016139,-4.002608963300548
