x,y
-1.9099695294387662,-4.042473989695626
