x,y
-1.9108158541015203,-4.043712025648473
