x,y
-1.9106356494815335,-4.042811112246035
