x,y
-1.903994233923766,-4.0430651768044665
