x,y
-1.9047729622241745,-4.0429715251035345
