x,y
-1.9049219820709697,-4.041995770944397
