x,y
-1.9069172997401769,-4.04394580061186
