x,y
-1.9073192011686955,-4.042164443235648
