x,y
-1.9062934055319014,-4.042071122091112
