x,y
-1.9106660894551457,-4.042574427538657
