x,y
-1.9048648615685897,-4.041933802806674
