x,y
-1.906414551856185,-4.042968836404451
