x,y
-1.9062173771976825,-4.041836046164307
