x,y
-1.9112722726676872,-4.0432972505225955
