x,y
-1.9099973045415144,-4.041815331480771
