x,y
-1.9092057582506041,-4.041923811670512
