x,y
-1.9106795630324784,-4.042109003813863
