x,y
-1.9073938798460799,-4.042623656173443
