x,y
-1.9042917007345301,-4.0421185427785655
