x,y
-1.9109135932550343,-4.0423771149034025
