x,y
-1.9102348338371684,-4.042964391640758
