x,y
-1.9113578522080619,-4.043057114188277
