x,y
-1.9123490952861826,-4.0432172577204195
