x,y
-1.9103097710216561,-4.041523314665553
