x,y
-1.9094448126248267,-4.042225085654159
