x,y
-1.906069723374854,-4.042878258941327
