x,y
-1.905747773509643,-4.042851084630399
