x,y
-1.9095578287207136,-4.0414446190010604
