x,y
-1.9106446853337111,-4.043111536471042
