x,y
-1.9082441349506494,-4.042496991830082
