x,y
-1.9106515260270533,-4.040502312832794
